  Domain:                                    (0, 1) x (0, 1)        
  Root mesh:                                 3 x 3        
  Number of root cells:                      9        
  Number of active cells:                    36        

  Number of degrees of freedom:              361        
  Interpolating boundary values              ...        
  Equation Data:                             clamped (Gaussian bells)        
  IP pre-factor:                             1        
  Local solver:                              Bilaplacian (no mixed derivatives)        
  Stream function formulation (Stokes):      false    

  Finite element:                            FE_Q<2>(3)        
  Number of run cycles:                      0        
  Using TBB:                                 false    

  Geometry:                                  Cube        
  Number of refinements:                     1        
  Number of repetitions:                     3        
  Subdivisions per direction:                []        
  Distortion factor:                         -1.000e+00

  Solver:                                    cg        
  Absolute tolerance:                        1.000e-14    
  Relative tolerance:                        1.000e-08    
  Number of maximal iterations:              100        
  Preconditioner:                            GMG        
  Solver control:                            relative tolerance        

  Multigrid:                                 V-cycle        
  /// Pre-smoother                                   
  Number of smoothing steps:                 1        
  Doubling of smoothing steps:               false    
  Smoother:                                  Schwarz Smoother        
  Schwarz operator                           Additive Vertex Patch        
  Damping factor                             0.327        
  User-defined coloring                      true     
  Symmetrized Schwarz operator               false    
  Reversed Schwarz operator                  false    
  RAS - weights                              false    
  RAS - boolean weights                      false    
  Number of quad points (surrogate)          5        
  Normalize surrogate patches                false    
  Compute arc length (surrogate)             true     
  Caching strategy                           cached        
  /// Post-smoother                                  
  Number of smoothing steps:                 1        
  Doubling of smoothing steps:               false    
  Smoother:                                  Schwarz Smoother        
  Schwarz operator                           Additive Vertex Patch        
  Damping factor                             0.327        
  User-defined coloring                      true     
  Symmetrized Schwarz operator               false    
  Reversed Schwarz operator                  false    
  RAS - weights                              false    
  RAS - boolean weights                      false    
  Number of quad points (surrogate)          5        
  Normalize surrogate patches                false    
  Compute arc length (surrogate)             true     
  Caching strategy                           cached        
  /// Coarse grid solver                             
  Coarse grid solver:                        Accurate Iterative Solver        
  Iterative solver:                          none        
  Accuracy:                                  1.000e-12    

tildeAj / omega:
 2.314e+04 -5.786e+03  4.178e+03 -1.607e+03  3.393e+02 -5.786e+03 -2.571e+03  1.415e+03 -2.679e+02  5.656e+01  4.178e+03  1.415e+03 -7.513e+02  1.198e+02 -2.529e+01 -1.607e+03 -2.679e+02  1.198e+02                        3.393e+02  5.656e+01 -2.529e+01                       
-5.786e+03  2.314e+04 -1.163e+04  6.089e+03 -1.607e+03 -2.571e+03 -5.786e+03 -2.658e+03  1.015e+03 -2.679e+02  1.415e+03  4.178e+03  1.307e+03 -4.539e+02  1.198e+02 -2.679e+02 -1.607e+03 -1.198e+02                        5.656e+01  3.393e+02  2.529e+01                       
 4.178e+03 -1.163e+04  2.330e+04 -1.163e+04  4.178e+03  1.415e+03 -2.658e+03  2.571e+01 -2.658e+03  1.415e+03 -7.513e+02  1.307e+03  6.245e+02  1.307e+03 -7.513e+02  1.198e+02 -1.198e+02 -6.429e+02 -1.198e+02  1.198e+02 -2.529e+01  2.529e+01  1.357e+02  2.529e+01 -2.529e+01 
-1.607e+03  6.089e+03 -1.163e+04  2.314e+04 -5.786e+03 -2.679e+02  1.015e+03 -2.658e+03 -5.786e+03 -2.571e+03  1.198e+02 -4.539e+02  1.307e+03  4.178e+03  1.415e+03                       -1.198e+02 -1.607e+03 -2.679e+02                        2.529e+01  3.393e+02  5.656e+01 
 3.393e+02 -1.607e+03  4.178e+03 -5.786e+03  2.314e+04  5.656e+01 -2.679e+02  1.415e+03 -2.571e+03 -5.786e+03 -2.529e+01  1.198e+02 -7.513e+02  1.415e+03  4.178e+03                        1.198e+02 -2.679e+02 -1.607e+03                       -2.529e+01  5.656e+01  3.393e+02 
-5.786e+03 -2.571e+03  1.415e+03 -2.679e+02  5.656e+01  2.314e+04 -5.786e+03  4.178e+03 -1.607e+03  3.393e+02 -1.163e+04 -2.658e+03  1.307e+03 -1.198e+02  2.529e+01  6.089e+03  1.015e+03 -4.539e+02                       -1.607e+03 -2.679e+02  1.198e+02                       
-2.571e+03 -5.786e+03 -2.658e+03  1.015e+03 -2.679e+02 -5.786e+03  2.314e+04 -1.163e+04  6.089e+03 -1.607e+03 -2.658e+03 -1.163e+04 -1.863e+03  4.539e+02 -1.198e+02  1.015e+03  6.089e+03  4.539e+02                       -2.679e+02 -1.607e+03 -1.198e+02                       
 1.415e+03 -2.658e+03  2.571e+01 -2.658e+03  1.415e+03  4.178e+03 -1.163e+04  2.330e+04 -1.163e+04  4.178e+03  1.307e+03 -1.863e+03 -3.607e+03 -1.863e+03  1.307e+03 -4.539e+02  4.539e+02  2.436e+03  4.539e+02 -4.539e+02  1.198e+02 -1.198e+02 -6.429e+02 -1.198e+02  1.198e+02 
-2.679e+02  1.015e+03 -2.658e+03 -5.786e+03 -2.571e+03 -1.607e+03  6.089e+03 -1.163e+04  2.314e+04 -5.786e+03 -1.198e+02  4.539e+02 -1.863e+03 -1.163e+04 -2.658e+03                        4.539e+02  6.089e+03  1.015e+03                       -1.198e+02 -1.607e+03 -2.679e+02 
 5.656e+01 -2.679e+02  1.415e+03 -2.571e+03 -5.786e+03  3.393e+02 -1.607e+03  4.178e+03 -5.786e+03  2.314e+04  2.529e+01 -1.198e+02  1.307e+03 -2.658e+03 -1.163e+04                       -4.539e+02  1.015e+03  6.089e+03                        1.198e+02 -2.679e+02 -1.607e+03 
 4.178e+03  1.415e+03 -7.513e+02  1.198e+02 -2.529e+01 -1.163e+04 -2.658e+03  1.307e+03 -1.198e+02  2.529e+01  2.330e+04  2.571e+01  6.245e+02 -6.429e+02  1.357e+02 -1.163e+04 -2.658e+03  1.307e+03 -1.198e+02  2.529e+01  4.178e+03  1.415e+03 -7.513e+02  1.198e+02 -2.529e+01 
 1.415e+03  4.178e+03  1.307e+03 -4.539e+02  1.198e+02 -2.658e+03 -1.163e+04 -1.863e+03  4.539e+02 -1.198e+02  2.571e+01  2.330e+04 -3.607e+03  2.436e+03 -6.429e+02 -2.658e+03 -1.163e+04 -1.863e+03  4.539e+02 -1.198e+02  1.415e+03  4.178e+03  1.307e+03 -4.539e+02  1.198e+02 
-7.513e+02  1.307e+03  6.245e+02  1.307e+03 -7.513e+02  1.307e+03 -1.863e+03 -3.607e+03 -1.863e+03  1.307e+03  6.245e+02 -3.607e+03  1.493e+04 -3.607e+03  6.245e+02  1.307e+03 -1.863e+03 -3.607e+03 -1.863e+03  1.307e+03 -7.513e+02  1.307e+03  6.245e+02  1.307e+03 -7.513e+02 
 1.198e+02 -4.539e+02  1.307e+03  4.178e+03  1.415e+03 -1.198e+02  4.539e+02 -1.863e+03 -1.163e+04 -2.658e+03 -6.429e+02  2.436e+03 -3.607e+03  2.330e+04  2.571e+01 -1.198e+02  4.539e+02 -1.863e+03 -1.163e+04 -2.658e+03  1.198e+02 -4.539e+02  1.307e+03  4.178e+03  1.415e+03 
-2.529e+01  1.198e+02 -7.513e+02  1.415e+03  4.178e+03  2.529e+01 -1.198e+02  1.307e+03 -2.658e+03 -1.163e+04  1.357e+02 -6.429e+02  6.245e+02  2.571e+01  2.330e+04  2.529e+01 -1.198e+02  1.307e+03 -2.658e+03 -1.163e+04 -2.529e+01  1.198e+02 -7.513e+02  1.415e+03  4.178e+03 
-1.607e+03 -2.679e+02  1.198e+02                        6.089e+03  1.015e+03 -4.539e+02                       -1.163e+04 -2.658e+03  1.307e+03 -1.198e+02  2.529e+01  2.314e+04 -5.786e+03  4.178e+03 -1.607e+03  3.393e+02 -5.786e+03 -2.571e+03  1.415e+03 -2.679e+02  5.656e+01 
-2.679e+02 -1.607e+03 -1.198e+02                        1.015e+03  6.089e+03  4.539e+02                       -2.658e+03 -1.163e+04 -1.863e+03  4.539e+02 -1.198e+02 -5.786e+03  2.314e+04 -1.163e+04  6.089e+03 -1.607e+03 -2.571e+03 -5.786e+03 -2.658e+03  1.015e+03 -2.679e+02 
 1.198e+02 -1.198e+02 -6.429e+02 -1.198e+02  1.198e+02 -4.539e+02  4.539e+02  2.436e+03  4.539e+02 -4.539e+02  1.307e+03 -1.863e+03 -3.607e+03 -1.863e+03  1.307e+03  4.178e+03 -1.163e+04  2.330e+04 -1.163e+04  4.178e+03  1.415e+03 -2.658e+03  2.571e+01 -2.658e+03  1.415e+03 
                      -1.198e+02 -1.607e+03 -2.679e+02                        4.539e+02  6.089e+03  1.015e+03 -1.198e+02  4.539e+02 -1.863e+03 -1.163e+04 -2.658e+03 -1.607e+03  6.089e+03 -1.163e+04  2.314e+04 -5.786e+03 -2.679e+02  1.015e+03 -2.658e+03 -5.786e+03 -2.571e+03 
                       1.198e+02 -2.679e+02 -1.607e+03                       -4.539e+02  1.015e+03  6.089e+03  2.529e+01 -1.198e+02  1.307e+03 -2.658e+03 -1.163e+04  3.393e+02 -1.607e+03  4.178e+03 -5.786e+03  2.314e+04  5.656e+01 -2.679e+02  1.415e+03 -2.571e+03 -5.786e+03 
 3.393e+02  5.656e+01 -2.529e+01                       -1.607e+03 -2.679e+02  1.198e+02                        4.178e+03  1.415e+03 -7.513e+02  1.198e+02 -2.529e+01 -5.786e+03 -2.571e+03  1.415e+03 -2.679e+02  5.656e+01  2.314e+04 -5.786e+03  4.178e+03 -1.607e+03  3.393e+02 
 5.656e+01  3.393e+02  2.529e+01                       -2.679e+02 -1.607e+03 -1.198e+02                        1.415e+03  4.178e+03  1.307e+03 -4.539e+02  1.198e+02 -2.571e+03 -5.786e+03 -2.658e+03  1.015e+03 -2.679e+02 -5.786e+03  2.314e+04 -1.163e+04  6.089e+03 -1.607e+03 
-2.529e+01  2.529e+01  1.357e+02  2.529e+01 -2.529e+01  1.198e+02 -1.198e+02 -6.429e+02 -1.198e+02  1.198e+02 -7.513e+02  1.307e+03  6.245e+02  1.307e+03 -7.513e+02  1.415e+03 -2.658e+03  2.571e+01 -2.658e+03  1.415e+03  4.178e+03 -1.163e+04  2.330e+04 -1.163e+04  4.178e+03 
                       2.529e+01  3.393e+02  5.656e+01                       -1.198e+02 -1.607e+03 -2.679e+02  1.198e+02 -4.539e+02  1.307e+03  4.178e+03  1.415e+03 -2.679e+02  1.015e+03 -2.658e+03 -5.786e+03 -2.571e+03 -1.607e+03  6.089e+03 -1.163e+04  2.314e+04 -5.786e+03 
                      -2.529e+01  5.656e+01  3.393e+02                        1.198e+02 -2.679e+02 -1.607e+03 -2.529e+01  1.198e+02 -7.513e+02  1.415e+03  4.178e+03  5.656e+01 -2.679e+02  1.415e+03 -2.571e+03 -5.786e+03  3.393e+02 -1.607e+03  4.178e+03 -5.786e+03  2.314e+04 

Rj A Rj^T:
 2.814e+04 -8.286e+03  4.605e+03 -1.607e+03  3.393e+02 -8.286e+03 -1.321e+03  1.201e+03 -2.679e+02  5.656e+01  4.605e+03  1.201e+03 -7.148e+02  1.198e+02 -2.529e+01 -1.607e+03 -2.679e+02  1.198e+02                        3.393e+02  5.656e+01 -2.529e+01                       
-8.286e+03  2.814e+04 -1.456e+04  6.089e+03 -1.607e+03 -1.321e+03 -8.286e+03 -1.194e+03  1.015e+03 -2.679e+02  1.201e+03  4.605e+03  1.057e+03 -4.539e+02  1.198e+02 -2.679e+02 -1.607e+03 -1.198e+02                        5.656e+01  3.393e+02  2.529e+01                       
 4.605e+03 -1.456e+04  2.850e+04 -1.456e+04  4.605e+03  1.201e+03 -1.194e+03 -2.574e+03 -1.194e+03  1.201e+03 -7.148e+02  1.057e+03  1.069e+03  1.057e+03 -7.148e+02  1.198e+02 -1.198e+02 -6.429e+02 -1.198e+02  1.198e+02 -2.529e+01  2.529e+01  1.357e+02  2.529e+01 -2.529e+01 
-1.607e+03  6.089e+03 -1.456e+04  2.814e+04 -8.286e+03 -2.679e+02  1.015e+03 -1.194e+03 -8.286e+03 -1.321e+03  1.198e+02 -4.539e+02  1.057e+03  4.605e+03  1.201e+03                       -1.198e+02 -1.607e+03 -2.679e+02                        2.529e+01  3.393e+02  5.656e+01 
 3.393e+02 -1.607e+03  4.605e+03 -8.286e+03  2.814e+04  5.656e+01 -2.679e+02  1.201e+03 -1.321e+03 -8.286e+03 -2.529e+01  1.198e+02 -7.148e+02  1.201e+03  4.605e+03                        1.198e+02 -2.679e+02 -1.607e+03                       -2.529e+01  5.656e+01  3.393e+02 
-8.286e+03 -1.321e+03  1.201e+03 -2.679e+02  5.656e+01  2.814e+04 -8.286e+03  4.605e+03 -1.607e+03  3.393e+02 -1.456e+04 -1.194e+03  1.057e+03 -1.198e+02  2.529e+01  6.089e+03  1.015e+03 -4.539e+02                       -1.607e+03 -2.679e+02  1.198e+02                       
-1.321e+03 -8.286e+03 -1.194e+03  1.015e+03 -2.679e+02 -8.286e+03  2.814e+04 -1.456e+04  6.089e+03 -1.607e+03 -1.194e+03 -1.456e+04 -1.494e+02  4.539e+02 -1.198e+02  1.015e+03  6.089e+03  4.539e+02                       -2.679e+02 -1.607e+03 -1.198e+02                       
 1.201e+03 -1.194e+03 -2.574e+03 -1.194e+03  1.201e+03  4.605e+03 -1.456e+04  2.850e+04 -1.456e+04  4.605e+03  1.057e+03 -1.494e+02 -6.652e+03 -1.494e+02  1.057e+03 -4.539e+02  4.539e+02  2.436e+03  4.539e+02 -4.539e+02  1.198e+02 -1.198e+02 -6.429e+02 -1.198e+02  1.198e+02 
-2.679e+02  1.015e+03 -1.194e+03 -8.286e+03 -1.321e+03 -1.607e+03  6.089e+03 -1.456e+04  2.814e+04 -8.286e+03 -1.198e+02  4.539e+02 -1.494e+02 -1.456e+04 -1.194e+03                        4.539e+02  6.089e+03  1.015e+03                       -1.198e+02 -1.607e+03 -2.679e+02 
 5.656e+01 -2.679e+02  1.201e+03 -1.321e+03 -8.286e+03  3.393e+02 -1.607e+03  4.605e+03 -8.286e+03  2.814e+04  2.529e+01 -1.198e+02  1.057e+03 -1.194e+03 -1.456e+04                       -4.539e+02  1.015e+03  6.089e+03                        1.198e+02 -2.679e+02 -1.607e+03 
 4.605e+03  1.201e+03 -7.148e+02  1.198e+02 -2.529e+01 -1.456e+04 -1.194e+03  1.057e+03 -1.198e+02  2.529e+01  2.850e+04 -2.574e+03  1.069e+03 -6.429e+02  1.357e+02 -1.456e+04 -1.194e+03  1.057e+03 -1.198e+02  2.529e+01  4.605e+03  1.201e+03 -7.148e+02  1.198e+02 -2.529e+01 
 1.201e+03  4.605e+03  1.057e+03 -4.539e+02  1.198e+02 -1.194e+03 -1.456e+04 -1.494e+02  4.539e+02 -1.198e+02 -2.574e+03  2.850e+04 -6.652e+03  2.436e+03 -6.429e+02 -1.194e+03 -1.456e+04 -1.494e+02  4.539e+02 -1.198e+02  1.201e+03  4.605e+03  1.057e+03 -4.539e+02  1.198e+02 
-7.148e+02  1.057e+03  1.069e+03  1.057e+03 -7.148e+02  1.057e+03 -1.494e+02 -6.652e+03 -1.494e+02  1.057e+03  1.069e+03 -6.652e+03  2.034e+04 -6.652e+03  1.069e+03  1.057e+03 -1.494e+02 -6.652e+03 -1.494e+02  1.057e+03 -7.148e+02  1.057e+03  1.069e+03  1.057e+03 -7.148e+02 
 1.198e+02 -4.539e+02  1.057e+03  4.605e+03  1.201e+03 -1.198e+02  4.539e+02 -1.494e+02 -1.456e+04 -1.194e+03 -6.429e+02  2.436e+03 -6.652e+03  2.850e+04 -2.574e+03 -1.198e+02  4.539e+02 -1.494e+02 -1.456e+04 -1.194e+03  1.198e+02 -4.539e+02  1.057e+03  4.605e+03  1.201e+03 
-2.529e+01  1.198e+02 -7.148e+02  1.201e+03  4.605e+03  2.529e+01 -1.198e+02  1.057e+03 -1.194e+03 -1.456e+04  1.357e+02 -6.429e+02  1.069e+03 -2.574e+03  2.850e+04  2.529e+01 -1.198e+02  1.057e+03 -1.194e+03 -1.456e+04 -2.529e+01  1.198e+02 -7.148e+02  1.201e+03  4.605e+03 
-1.607e+03 -2.679e+02  1.198e+02                        6.089e+03  1.015e+03 -4.539e+02                       -1.456e+04 -1.194e+03  1.057e+03 -1.198e+02  2.529e+01  2.814e+04 -8.286e+03  4.605e+03 -1.607e+03  3.393e+02 -8.286e+03 -1.321e+03  1.201e+03 -2.679e+02  5.656e+01 
-2.679e+02 -1.607e+03 -1.198e+02                        1.015e+03  6.089e+03  4.539e+02                       -1.194e+03 -1.456e+04 -1.494e+02  4.539e+02 -1.198e+02 -8.286e+03  2.814e+04 -1.456e+04  6.089e+03 -1.607e+03 -1.321e+03 -8.286e+03 -1.194e+03  1.015e+03 -2.679e+02 
 1.198e+02 -1.198e+02 -6.429e+02 -1.198e+02  1.198e+02 -4.539e+02  4.539e+02  2.436e+03  4.539e+02 -4.539e+02  1.057e+03 -1.494e+02 -6.652e+03 -1.494e+02  1.057e+03  4.605e+03 -1.456e+04  2.850e+04 -1.456e+04  4.605e+03  1.201e+03 -1.194e+03 -2.574e+03 -1.194e+03  1.201e+03 
                      -1.198e+02 -1.607e+03 -2.679e+02                        4.539e+02  6.089e+03  1.015e+03 -1.198e+02  4.539e+02 -1.494e+02 -1.456e+04 -1.194e+03 -1.607e+03  6.089e+03 -1.456e+04  2.814e+04 -8.286e+03 -2.679e+02  1.015e+03 -1.194e+03 -8.286e+03 -1.321e+03 
                       1.198e+02 -2.679e+02 -1.607e+03                       -4.539e+02  1.015e+03  6.089e+03  2.529e+01 -1.198e+02  1.057e+03 -1.194e+03 -1.456e+04  3.393e+02 -1.607e+03  4.605e+03 -8.286e+03  2.814e+04  5.656e+01 -2.679e+02  1.201e+03 -1.321e+03 -8.286e+03 
 3.393e+02  5.656e+01 -2.529e+01                       -1.607e+03 -2.679e+02  1.198e+02                        4.605e+03  1.201e+03 -7.148e+02  1.198e+02 -2.529e+01 -8.286e+03 -1.321e+03  1.201e+03 -2.679e+02  5.656e+01  2.814e+04 -8.286e+03  4.605e+03 -1.607e+03  3.393e+02 
 5.656e+01  3.393e+02  2.529e+01                       -2.679e+02 -1.607e+03 -1.198e+02                        1.201e+03  4.605e+03  1.057e+03 -4.539e+02  1.198e+02 -1.321e+03 -8.286e+03 -1.194e+03  1.015e+03 -2.679e+02 -8.286e+03  2.814e+04 -1.456e+04  6.089e+03 -1.607e+03 
-2.529e+01  2.529e+01  1.357e+02  2.529e+01 -2.529e+01  1.198e+02 -1.198e+02 -6.429e+02 -1.198e+02  1.198e+02 -7.148e+02  1.057e+03  1.069e+03  1.057e+03 -7.148e+02  1.201e+03 -1.194e+03 -2.574e+03 -1.194e+03  1.201e+03  4.605e+03 -1.456e+04  2.850e+04 -1.456e+04  4.605e+03 
                       2.529e+01  3.393e+02  5.656e+01                       -1.198e+02 -1.607e+03 -2.679e+02  1.198e+02 -4.539e+02  1.057e+03  4.605e+03  1.201e+03 -2.679e+02  1.015e+03 -1.194e+03 -8.286e+03 -1.321e+03 -1.607e+03  6.089e+03 -1.456e+04  2.814e+04 -8.286e+03 
                      -2.529e+01  5.656e+01  3.393e+02                        1.198e+02 -2.679e+02 -1.607e+03 -2.529e+01  1.198e+02 -7.148e+02  1.201e+03  4.605e+03  5.656e+01 -2.679e+02  1.201e+03 -1.321e+03 -8.286e+03  3.393e+02 -1.607e+03  4.605e+03 -8.286e+03  2.814e+04 

generalized eigenvalues of Rj A Rj^T x = lambda Aj x:
[1.0255e+00, 1.0260e+00, 1.0457e+00, 1.0457e+00, 1.0458e+00, 1.0659e+00, 1.1018e+00, 1.1018e+00, 1.1409e+00, 1.1409e+00, 1.1457e+00, 1.2000e+00, 1.2220e+00, 1.2299e+00, 1.2444e+00, 1.2444e+00, 1.2686e+00, 1.3741e+00, 1.3741e+00, 1.3824e+00, 1.3848e+00, 1.4132e+00, 1.4132e+00, 1.5312e+00, 1.5800e+00]
tildeAj / omega:
 2.314e+04 -5.786e+03  4.178e+03 -1.607e+03  3.393e+02 -5.786e+03 -2.571e+03  1.415e+03 -2.679e+02  5.656e+01  4.178e+03  1.415e+03 -7.513e+02  1.198e+02 -2.529e+01 -1.607e+03 -2.679e+02  1.198e+02                        3.393e+02  5.656e+01 -2.529e+01                       
-5.786e+03  2.314e+04 -1.163e+04  6.089e+03 -1.607e+03 -2.571e+03 -5.786e+03 -2.658e+03  1.015e+03 -2.679e+02  1.415e+03  4.178e+03  1.307e+03 -4.539e+02  1.198e+02 -2.679e+02 -1.607e+03 -1.198e+02                        5.656e+01  3.393e+02  2.529e+01                       
 4.178e+03 -1.163e+04  2.330e+04 -1.163e+04  4.178e+03  1.415e+03 -2.658e+03  2.571e+01 -2.658e+03  1.415e+03 -7.513e+02  1.307e+03  6.245e+02  1.307e+03 -7.513e+02  1.198e+02 -1.198e+02 -6.429e+02 -1.198e+02  1.198e+02 -2.529e+01  2.529e+01  1.357e+02  2.529e+01 -2.529e+01 
-1.607e+03  6.089e+03 -1.163e+04  2.314e+04 -5.786e+03 -2.679e+02  1.015e+03 -2.658e+03 -5.786e+03 -2.571e+03  1.198e+02 -4.539e+02  1.307e+03  4.178e+03  1.415e+03                       -1.198e+02 -1.607e+03 -2.679e+02                        2.529e+01  3.393e+02  5.656e+01 
 3.393e+02 -1.607e+03  4.178e+03 -5.786e+03  2.314e+04  5.656e+01 -2.679e+02  1.415e+03 -2.571e+03 -5.786e+03 -2.529e+01  1.198e+02 -7.513e+02  1.415e+03  4.178e+03                        1.198e+02 -2.679e+02 -1.607e+03                       -2.529e+01  5.656e+01  3.393e+02 
-5.786e+03 -2.571e+03  1.415e+03 -2.679e+02  5.656e+01  2.314e+04 -5.786e+03  4.178e+03 -1.607e+03  3.393e+02 -1.163e+04 -2.658e+03  1.307e+03 -1.198e+02  2.529e+01  6.089e+03  1.015e+03 -4.539e+02                       -1.607e+03 -2.679e+02  1.198e+02                       
-2.571e+03 -5.786e+03 -2.658e+03  1.015e+03 -2.679e+02 -5.786e+03  2.314e+04 -1.163e+04  6.089e+03 -1.607e+03 -2.658e+03 -1.163e+04 -1.863e+03  4.539e+02 -1.198e+02  1.015e+03  6.089e+03  4.539e+02                       -2.679e+02 -1.607e+03 -1.198e+02                       
 1.415e+03 -2.658e+03  2.571e+01 -2.658e+03  1.415e+03  4.178e+03 -1.163e+04  2.330e+04 -1.163e+04  4.178e+03  1.307e+03 -1.863e+03 -3.607e+03 -1.863e+03  1.307e+03 -4.539e+02  4.539e+02  2.436e+03  4.539e+02 -4.539e+02  1.198e+02 -1.198e+02 -6.429e+02 -1.198e+02  1.198e+02 
-2.679e+02  1.015e+03 -2.658e+03 -5.786e+03 -2.571e+03 -1.607e+03  6.089e+03 -1.163e+04  2.314e+04 -5.786e+03 -1.198e+02  4.539e+02 -1.863e+03 -1.163e+04 -2.658e+03                        4.539e+02  6.089e+03  1.015e+03                       -1.198e+02 -1.607e+03 -2.679e+02 
 5.656e+01 -2.679e+02  1.415e+03 -2.571e+03 -5.786e+03  3.393e+02 -1.607e+03  4.178e+03 -5.786e+03  2.314e+04  2.529e+01 -1.198e+02  1.307e+03 -2.658e+03 -1.163e+04                       -4.539e+02  1.015e+03  6.089e+03                        1.198e+02 -2.679e+02 -1.607e+03 
 4.178e+03  1.415e+03 -7.513e+02  1.198e+02 -2.529e+01 -1.163e+04 -2.658e+03  1.307e+03 -1.198e+02  2.529e+01  2.330e+04  2.571e+01  6.245e+02 -6.429e+02  1.357e+02 -1.163e+04 -2.658e+03  1.307e+03 -1.198e+02  2.529e+01  4.178e+03  1.415e+03 -7.513e+02  1.198e+02 -2.529e+01 
 1.415e+03  4.178e+03  1.307e+03 -4.539e+02  1.198e+02 -2.658e+03 -1.163e+04 -1.863e+03  4.539e+02 -1.198e+02  2.571e+01  2.330e+04 -3.607e+03  2.436e+03 -6.429e+02 -2.658e+03 -1.163e+04 -1.863e+03  4.539e+02 -1.198e+02  1.415e+03  4.178e+03  1.307e+03 -4.539e+02  1.198e+02 
-7.513e+02  1.307e+03  6.245e+02  1.307e+03 -7.513e+02  1.307e+03 -1.863e+03 -3.607e+03 -1.863e+03  1.307e+03  6.245e+02 -3.607e+03  1.493e+04 -3.607e+03  6.245e+02  1.307e+03 -1.863e+03 -3.607e+03 -1.863e+03  1.307e+03 -7.513e+02  1.307e+03  6.245e+02  1.307e+03 -7.513e+02 
 1.198e+02 -4.539e+02  1.307e+03  4.178e+03  1.415e+03 -1.198e+02  4.539e+02 -1.863e+03 -1.163e+04 -2.658e+03 -6.429e+02  2.436e+03 -3.607e+03  2.330e+04  2.571e+01 -1.198e+02  4.539e+02 -1.863e+03 -1.163e+04 -2.658e+03  1.198e+02 -4.539e+02  1.307e+03  4.178e+03  1.415e+03 
-2.529e+01  1.198e+02 -7.513e+02  1.415e+03  4.178e+03  2.529e+01 -1.198e+02  1.307e+03 -2.658e+03 -1.163e+04  1.357e+02 -6.429e+02  6.245e+02  2.571e+01  2.330e+04  2.529e+01 -1.198e+02  1.307e+03 -2.658e+03 -1.163e+04 -2.529e+01  1.198e+02 -7.513e+02  1.415e+03  4.178e+03 
-1.607e+03 -2.679e+02  1.198e+02                        6.089e+03  1.015e+03 -4.539e+02                       -1.163e+04 -2.658e+03  1.307e+03 -1.198e+02  2.529e+01  2.314e+04 -5.786e+03  4.178e+03 -1.607e+03  3.393e+02 -5.786e+03 -2.571e+03  1.415e+03 -2.679e+02  5.656e+01 
-2.679e+02 -1.607e+03 -1.198e+02                        1.015e+03  6.089e+03  4.539e+02                       -2.658e+03 -1.163e+04 -1.863e+03  4.539e+02 -1.198e+02 -5.786e+03  2.314e+04 -1.163e+04  6.089e+03 -1.607e+03 -2.571e+03 -5.786e+03 -2.658e+03  1.015e+03 -2.679e+02 
 1.198e+02 -1.198e+02 -6.429e+02 -1.198e+02  1.198e+02 -4.539e+02  4.539e+02  2.436e+03  4.539e+02 -4.539e+02  1.307e+03 -1.863e+03 -3.607e+03 -1.863e+03  1.307e+03  4.178e+03 -1.163e+04  2.330e+04 -1.163e+04  4.178e+03  1.415e+03 -2.658e+03  2.571e+01 -2.658e+03  1.415e+03 
                      -1.198e+02 -1.607e+03 -2.679e+02                        4.539e+02  6.089e+03  1.015e+03 -1.198e+02  4.539e+02 -1.863e+03 -1.163e+04 -2.658e+03 -1.607e+03  6.089e+03 -1.163e+04  2.314e+04 -5.786e+03 -2.679e+02  1.015e+03 -2.658e+03 -5.786e+03 -2.571e+03 
                       1.198e+02 -2.679e+02 -1.607e+03                       -4.539e+02  1.015e+03  6.089e+03  2.529e+01 -1.198e+02  1.307e+03 -2.658e+03 -1.163e+04  3.393e+02 -1.607e+03  4.178e+03 -5.786e+03  2.314e+04  5.656e+01 -2.679e+02  1.415e+03 -2.571e+03 -5.786e+03 
 3.393e+02  5.656e+01 -2.529e+01                       -1.607e+03 -2.679e+02  1.198e+02                        4.178e+03  1.415e+03 -7.513e+02  1.198e+02 -2.529e+01 -5.786e+03 -2.571e+03  1.415e+03 -2.679e+02  5.656e+01  2.314e+04 -5.786e+03  4.178e+03 -1.607e+03  3.393e+02 
 5.656e+01  3.393e+02  2.529e+01                       -2.679e+02 -1.607e+03 -1.198e+02                        1.415e+03  4.178e+03  1.307e+03 -4.539e+02  1.198e+02 -2.571e+03 -5.786e+03 -2.658e+03  1.015e+03 -2.679e+02 -5.786e+03  2.314e+04 -1.163e+04  6.089e+03 -1.607e+03 
-2.529e+01  2.529e+01  1.357e+02  2.529e+01 -2.529e+01  1.198e+02 -1.198e+02 -6.429e+02 -1.198e+02  1.198e+02 -7.513e+02  1.307e+03  6.245e+02  1.307e+03 -7.513e+02  1.415e+03 -2.658e+03  2.571e+01 -2.658e+03  1.415e+03  4.178e+03 -1.163e+04  2.330e+04 -1.163e+04  4.178e+03 
                       2.529e+01  3.393e+02  5.656e+01                       -1.198e+02 -1.607e+03 -2.679e+02  1.198e+02 -4.539e+02  1.307e+03  4.178e+03  1.415e+03 -2.679e+02  1.015e+03 -2.658e+03 -5.786e+03 -2.571e+03 -1.607e+03  6.089e+03 -1.163e+04  2.314e+04 -5.786e+03 
                      -2.529e+01  5.656e+01  3.393e+02                        1.198e+02 -2.679e+02 -1.607e+03 -2.529e+01  1.198e+02 -7.513e+02  1.415e+03  4.178e+03  5.656e+01 -2.679e+02  1.415e+03 -2.571e+03 -5.786e+03  3.393e+02 -1.607e+03  4.178e+03 -5.786e+03  2.314e+04 

Rj A Rj^T:
 2.814e+04 -8.286e+03  4.605e+03 -1.607e+03  3.393e+02 -8.286e+03 -1.321e+03  1.201e+03 -2.679e+02  5.656e+01  4.605e+03  1.201e+03 -7.148e+02  1.198e+02 -2.529e+01 -1.607e+03 -2.679e+02  1.198e+02                        3.393e+02  5.656e+01 -2.529e+01                       
-8.286e+03  2.814e+04 -1.456e+04  6.089e+03 -1.607e+03 -1.321e+03 -8.286e+03 -1.194e+03  1.015e+03 -2.679e+02  1.201e+03  4.605e+03  1.057e+03 -4.539e+02  1.198e+02 -2.679e+02 -1.607e+03 -1.198e+02                        5.656e+01  3.393e+02  2.529e+01                       
 4.605e+03 -1.456e+04  2.850e+04 -1.456e+04  4.605e+03  1.201e+03 -1.194e+03 -2.574e+03 -1.194e+03  1.201e+03 -7.148e+02  1.057e+03  1.069e+03  1.057e+03 -7.148e+02  1.198e+02 -1.198e+02 -6.429e+02 -1.198e+02  1.198e+02 -2.529e+01  2.529e+01  1.357e+02  2.529e+01 -2.529e+01 
-1.607e+03  6.089e+03 -1.456e+04  2.814e+04 -8.286e+03 -2.679e+02  1.015e+03 -1.194e+03 -8.286e+03 -1.321e+03  1.198e+02 -4.539e+02  1.057e+03  4.605e+03  1.201e+03                       -1.198e+02 -1.607e+03 -2.679e+02                        2.529e+01  3.393e+02  5.656e+01 
 3.393e+02 -1.607e+03  4.605e+03 -8.286e+03  2.814e+04  5.656e+01 -2.679e+02  1.201e+03 -1.321e+03 -8.286e+03 -2.529e+01  1.198e+02 -7.148e+02  1.201e+03  4.605e+03                        1.198e+02 -2.679e+02 -1.607e+03                       -2.529e+01  5.656e+01  3.393e+02 
-8.286e+03 -1.321e+03  1.201e+03 -2.679e+02  5.656e+01  2.814e+04 -8.286e+03  4.605e+03 -1.607e+03  3.393e+02 -1.456e+04 -1.194e+03  1.057e+03 -1.198e+02  2.529e+01  6.089e+03  1.015e+03 -4.539e+02                       -1.607e+03 -2.679e+02  1.198e+02                       
-1.321e+03 -8.286e+03 -1.194e+03  1.015e+03 -2.679e+02 -8.286e+03  2.814e+04 -1.456e+04  6.089e+03 -1.607e+03 -1.194e+03 -1.456e+04 -1.494e+02  4.539e+02 -1.198e+02  1.015e+03  6.089e+03  4.539e+02                       -2.679e+02 -1.607e+03 -1.198e+02                       
 1.201e+03 -1.194e+03 -2.574e+03 -1.194e+03  1.201e+03  4.605e+03 -1.456e+04  2.850e+04 -1.456e+04  4.605e+03  1.057e+03 -1.494e+02 -6.652e+03 -1.494e+02  1.057e+03 -4.539e+02  4.539e+02  2.436e+03  4.539e+02 -4.539e+02  1.198e+02 -1.198e+02 -6.429e+02 -1.198e+02  1.198e+02 
-2.679e+02  1.015e+03 -1.194e+03 -8.286e+03 -1.321e+03 -1.607e+03  6.089e+03 -1.456e+04  2.814e+04 -8.286e+03 -1.198e+02  4.539e+02 -1.494e+02 -1.456e+04 -1.194e+03                        4.539e+02  6.089e+03  1.015e+03                       -1.198e+02 -1.607e+03 -2.679e+02 
 5.656e+01 -2.679e+02  1.201e+03 -1.321e+03 -8.286e+03  3.393e+02 -1.607e+03  4.605e+03 -8.286e+03  2.814e+04  2.529e+01 -1.198e+02  1.057e+03 -1.194e+03 -1.456e+04                       -4.539e+02  1.015e+03  6.089e+03                        1.198e+02 -2.679e+02 -1.607e+03 
 4.605e+03  1.201e+03 -7.148e+02  1.198e+02 -2.529e+01 -1.456e+04 -1.194e+03  1.057e+03 -1.198e+02  2.529e+01  2.850e+04 -2.574e+03  1.069e+03 -6.429e+02  1.357e+02 -1.456e+04 -1.194e+03  1.057e+03 -1.198e+02  2.529e+01  4.605e+03  1.201e+03 -7.148e+02  1.198e+02 -2.529e+01 
 1.201e+03  4.605e+03  1.057e+03 -4.539e+02  1.198e+02 -1.194e+03 -1.456e+04 -1.494e+02  4.539e+02 -1.198e+02 -2.574e+03  2.850e+04 -6.652e+03  2.436e+03 -6.429e+02 -1.194e+03 -1.456e+04 -1.494e+02  4.539e+02 -1.198e+02  1.201e+03  4.605e+03  1.057e+03 -4.539e+02  1.198e+02 
-7.148e+02  1.057e+03  1.069e+03  1.057e+03 -7.148e+02  1.057e+03 -1.494e+02 -6.652e+03 -1.494e+02  1.057e+03  1.069e+03 -6.652e+03  2.034e+04 -6.652e+03  1.069e+03  1.057e+03 -1.494e+02 -6.652e+03 -1.494e+02  1.057e+03 -7.148e+02  1.057e+03  1.069e+03  1.057e+03 -7.148e+02 
 1.198e+02 -4.539e+02  1.057e+03  4.605e+03  1.201e+03 -1.198e+02  4.539e+02 -1.494e+02 -1.456e+04 -1.194e+03 -6.429e+02  2.436e+03 -6.652e+03  2.850e+04 -2.574e+03 -1.198e+02  4.539e+02 -1.494e+02 -1.456e+04 -1.194e+03  1.198e+02 -4.539e+02  1.057e+03  4.605e+03  1.201e+03 
-2.529e+01  1.198e+02 -7.148e+02  1.201e+03  4.605e+03  2.529e+01 -1.198e+02  1.057e+03 -1.194e+03 -1.456e+04  1.357e+02 -6.429e+02  1.069e+03 -2.574e+03  2.850e+04  2.529e+01 -1.198e+02  1.057e+03 -1.194e+03 -1.456e+04 -2.529e+01  1.198e+02 -7.148e+02  1.201e+03  4.605e+03 
-1.607e+03 -2.679e+02  1.198e+02                        6.089e+03  1.015e+03 -4.539e+02                       -1.456e+04 -1.194e+03  1.057e+03 -1.198e+02  2.529e+01  2.814e+04 -8.286e+03  4.605e+03 -1.607e+03  3.393e+02 -8.286e+03 -1.321e+03  1.201e+03 -2.679e+02  5.656e+01 
-2.679e+02 -1.607e+03 -1.198e+02                        1.015e+03  6.089e+03  4.539e+02                       -1.194e+03 -1.456e+04 -1.494e+02  4.539e+02 -1.198e+02 -8.286e+03  2.814e+04 -1.456e+04  6.089e+03 -1.607e+03 -1.321e+03 -8.286e+03 -1.194e+03  1.015e+03 -2.679e+02 
 1.198e+02 -1.198e+02 -6.429e+02 -1.198e+02  1.198e+02 -4.539e+02  4.539e+02  2.436e+03  4.539e+02 -4.539e+02  1.057e+03 -1.494e+02 -6.652e+03 -1.494e+02  1.057e+03  4.605e+03 -1.456e+04  2.850e+04 -1.456e+04  4.605e+03  1.201e+03 -1.194e+03 -2.574e+03 -1.194e+03  1.201e+03 
                      -1.198e+02 -1.607e+03 -2.679e+02                        4.539e+02  6.089e+03  1.015e+03 -1.198e+02  4.539e+02 -1.494e+02 -1.456e+04 -1.194e+03 -1.607e+03  6.089e+03 -1.456e+04  2.814e+04 -8.286e+03 -2.679e+02  1.015e+03 -1.194e+03 -8.286e+03 -1.321e+03 
                       1.198e+02 -2.679e+02 -1.607e+03                       -4.539e+02  1.015e+03  6.089e+03  2.529e+01 -1.198e+02  1.057e+03 -1.194e+03 -1.456e+04  3.393e+02 -1.607e+03  4.605e+03 -8.286e+03  2.814e+04  5.656e+01 -2.679e+02  1.201e+03 -1.321e+03 -8.286e+03 
 3.393e+02  5.656e+01 -2.529e+01                       -1.607e+03 -2.679e+02  1.198e+02                        4.605e+03  1.201e+03 -7.148e+02  1.198e+02 -2.529e+01 -8.286e+03 -1.321e+03  1.201e+03 -2.679e+02  5.656e+01  2.814e+04 -8.286e+03  4.605e+03 -1.607e+03  3.393e+02 
 5.656e+01  3.393e+02  2.529e+01                       -2.679e+02 -1.607e+03 -1.198e+02                        1.201e+03  4.605e+03  1.057e+03 -4.539e+02  1.198e+02 -1.321e+03 -8.286e+03 -1.194e+03  1.015e+03 -2.679e+02 -8.286e+03  2.814e+04 -1.456e+04  6.089e+03 -1.607e+03 
-2.529e+01  2.529e+01  1.357e+02  2.529e+01 -2.529e+01  1.198e+02 -1.198e+02 -6.429e+02 -1.198e+02  1.198e+02 -7.148e+02  1.057e+03  1.069e+03  1.057e+03 -7.148e+02  1.201e+03 -1.194e+03 -2.574e+03 -1.194e+03  1.201e+03  4.605e+03 -1.456e+04  2.850e+04 -1.456e+04  4.605e+03 
                       2.529e+01  3.393e+02  5.656e+01                       -1.198e+02 -1.607e+03 -2.679e+02  1.198e+02 -4.539e+02  1.057e+03  4.605e+03  1.201e+03 -2.679e+02  1.015e+03 -1.194e+03 -8.286e+03 -1.321e+03 -1.607e+03  6.089e+03 -1.456e+04  2.814e+04 -8.286e+03 
                      -2.529e+01  5.656e+01  3.393e+02                        1.198e+02 -2.679e+02 -1.607e+03 -2.529e+01  1.198e+02 -7.148e+02  1.201e+03  4.605e+03  5.656e+01 -2.679e+02  1.201e+03 -1.321e+03 -8.286e+03  3.393e+02 -1.607e+03  4.605e+03 -8.286e+03  2.814e+04 

generalized eigenvalues of Rj A Rj^T x = lambda Aj x:
[1.0255e+00, 1.0260e+00, 1.0457e+00, 1.0457e+00, 1.0458e+00, 1.0659e+00, 1.1018e+00, 1.1018e+00, 1.1409e+00, 1.1409e+00, 1.1457e+00, 1.2000e+00, 1.2220e+00, 1.2299e+00, 1.2444e+00, 1.2444e+00, 1.2686e+00, 1.3741e+00, 1.3741e+00, 1.3824e+00, 1.3848e+00, 1.4132e+00, 1.4132e+00, 1.5312e+00, 1.5800e+00]
tildeAj / omega:
 2.314e+04 -5.786e+03  4.178e+03 -1.607e+03  3.393e+02 -5.786e+03 -2.571e+03  1.415e+03 -2.679e+02  5.656e+01  4.178e+03  1.415e+03 -7.513e+02  1.198e+02 -2.529e+01 -1.607e+03 -2.679e+02  1.198e+02                        3.393e+02  5.656e+01 -2.529e+01                       
-5.786e+03  2.314e+04 -1.163e+04  6.089e+03 -1.607e+03 -2.571e+03 -5.786e+03 -2.658e+03  1.015e+03 -2.679e+02  1.415e+03  4.178e+03  1.307e+03 -4.539e+02  1.198e+02 -2.679e+02 -1.607e+03 -1.198e+02                        5.656e+01  3.393e+02  2.529e+01                       
 4.178e+03 -1.163e+04  2.330e+04 -1.163e+04  4.178e+03  1.415e+03 -2.658e+03  2.571e+01 -2.658e+03  1.415e+03 -7.513e+02  1.307e+03  6.245e+02  1.307e+03 -7.513e+02  1.198e+02 -1.198e+02 -6.429e+02 -1.198e+02  1.198e+02 -2.529e+01  2.529e+01  1.357e+02  2.529e+01 -2.529e+01 
-1.607e+03  6.089e+03 -1.163e+04  2.314e+04 -5.786e+03 -2.679e+02  1.015e+03 -2.658e+03 -5.786e+03 -2.571e+03  1.198e+02 -4.539e+02  1.307e+03  4.178e+03  1.415e+03                       -1.198e+02 -1.607e+03 -2.679e+02                        2.529e+01  3.393e+02  5.656e+01 
 3.393e+02 -1.607e+03  4.178e+03 -5.786e+03  2.314e+04  5.656e+01 -2.679e+02  1.415e+03 -2.571e+03 -5.786e+03 -2.529e+01  1.198e+02 -7.513e+02  1.415e+03  4.178e+03                        1.198e+02 -2.679e+02 -1.607e+03                       -2.529e+01  5.656e+01  3.393e+02 
-5.786e+03 -2.571e+03  1.415e+03 -2.679e+02  5.656e+01  2.314e+04 -5.786e+03  4.178e+03 -1.607e+03  3.393e+02 -1.163e+04 -2.658e+03  1.307e+03 -1.198e+02  2.529e+01  6.089e+03  1.015e+03 -4.539e+02                       -1.607e+03 -2.679e+02  1.198e+02                       
-2.571e+03 -5.786e+03 -2.658e+03  1.015e+03 -2.679e+02 -5.786e+03  2.314e+04 -1.163e+04  6.089e+03 -1.607e+03 -2.658e+03 -1.163e+04 -1.863e+03  4.539e+02 -1.198e+02  1.015e+03  6.089e+03  4.539e+02                       -2.679e+02 -1.607e+03 -1.198e+02                       
 1.415e+03 -2.658e+03  2.571e+01 -2.658e+03  1.415e+03  4.178e+03 -1.163e+04  2.330e+04 -1.163e+04  4.178e+03  1.307e+03 -1.863e+03 -3.607e+03 -1.863e+03  1.307e+03 -4.539e+02  4.539e+02  2.436e+03  4.539e+02 -4.539e+02  1.198e+02 -1.198e+02 -6.429e+02 -1.198e+02  1.198e+02 
-2.679e+02  1.015e+03 -2.658e+03 -5.786e+03 -2.571e+03 -1.607e+03  6.089e+03 -1.163e+04  2.314e+04 -5.786e+03 -1.198e+02  4.539e+02 -1.863e+03 -1.163e+04 -2.658e+03                        4.539e+02  6.089e+03  1.015e+03                       -1.198e+02 -1.607e+03 -2.679e+02 
 5.656e+01 -2.679e+02  1.415e+03 -2.571e+03 -5.786e+03  3.393e+02 -1.607e+03  4.178e+03 -5.786e+03  2.314e+04  2.529e+01 -1.198e+02  1.307e+03 -2.658e+03 -1.163e+04                       -4.539e+02  1.015e+03  6.089e+03                        1.198e+02 -2.679e+02 -1.607e+03 
 4.178e+03  1.415e+03 -7.513e+02  1.198e+02 -2.529e+01 -1.163e+04 -2.658e+03  1.307e+03 -1.198e+02  2.529e+01  2.330e+04  2.571e+01  6.245e+02 -6.429e+02  1.357e+02 -1.163e+04 -2.658e+03  1.307e+03 -1.198e+02  2.529e+01  4.178e+03  1.415e+03 -7.513e+02  1.198e+02 -2.529e+01 
 1.415e+03  4.178e+03  1.307e+03 -4.539e+02  1.198e+02 -2.658e+03 -1.163e+04 -1.863e+03  4.539e+02 -1.198e+02  2.571e+01  2.330e+04 -3.607e+03  2.436e+03 -6.429e+02 -2.658e+03 -1.163e+04 -1.863e+03  4.539e+02 -1.198e+02  1.415e+03  4.178e+03  1.307e+03 -4.539e+02  1.198e+02 
-7.513e+02  1.307e+03  6.245e+02  1.307e+03 -7.513e+02  1.307e+03 -1.863e+03 -3.607e+03 -1.863e+03  1.307e+03  6.245e+02 -3.607e+03  1.493e+04 -3.607e+03  6.245e+02  1.307e+03 -1.863e+03 -3.607e+03 -1.863e+03  1.307e+03 -7.513e+02  1.307e+03  6.245e+02  1.307e+03 -7.513e+02 
 1.198e+02 -4.539e+02  1.307e+03  4.178e+03  1.415e+03 -1.198e+02  4.539e+02 -1.863e+03 -1.163e+04 -2.658e+03 -6.429e+02  2.436e+03 -3.607e+03  2.330e+04  2.571e+01 -1.198e+02  4.539e+02 -1.863e+03 -1.163e+04 -2.658e+03  1.198e+02 -4.539e+02  1.307e+03  4.178e+03  1.415e+03 
-2.529e+01  1.198e+02 -7.513e+02  1.415e+03  4.178e+03  2.529e+01 -1.198e+02  1.307e+03 -2.658e+03 -1.163e+04  1.357e+02 -6.429e+02  6.245e+02  2.571e+01  2.330e+04  2.529e+01 -1.198e+02  1.307e+03 -2.658e+03 -1.163e+04 -2.529e+01  1.198e+02 -7.513e+02  1.415e+03  4.178e+03 
-1.607e+03 -2.679e+02  1.198e+02                        6.089e+03  1.015e+03 -4.539e+02                       -1.163e+04 -2.658e+03  1.307e+03 -1.198e+02  2.529e+01  2.314e+04 -5.786e+03  4.178e+03 -1.607e+03  3.393e+02 -5.786e+03 -2.571e+03  1.415e+03 -2.679e+02  5.656e+01 
-2.679e+02 -1.607e+03 -1.198e+02                        1.015e+03  6.089e+03  4.539e+02                       -2.658e+03 -1.163e+04 -1.863e+03  4.539e+02 -1.198e+02 -5.786e+03  2.314e+04 -1.163e+04  6.089e+03 -1.607e+03 -2.571e+03 -5.786e+03 -2.658e+03  1.015e+03 -2.679e+02 
 1.198e+02 -1.198e+02 -6.429e+02 -1.198e+02  1.198e+02 -4.539e+02  4.539e+02  2.436e+03  4.539e+02 -4.539e+02  1.307e+03 -1.863e+03 -3.607e+03 -1.863e+03  1.307e+03  4.178e+03 -1.163e+04  2.330e+04 -1.163e+04  4.178e+03  1.415e+03 -2.658e+03  2.571e+01 -2.658e+03  1.415e+03 
                      -1.198e+02 -1.607e+03 -2.679e+02                        4.539e+02  6.089e+03  1.015e+03 -1.198e+02  4.539e+02 -1.863e+03 -1.163e+04 -2.658e+03 -1.607e+03  6.089e+03 -1.163e+04  2.314e+04 -5.786e+03 -2.679e+02  1.015e+03 -2.658e+03 -5.786e+03 -2.571e+03 
                       1.198e+02 -2.679e+02 -1.607e+03                       -4.539e+02  1.015e+03  6.089e+03  2.529e+01 -1.198e+02  1.307e+03 -2.658e+03 -1.163e+04  3.393e+02 -1.607e+03  4.178e+03 -5.786e+03  2.314e+04  5.656e+01 -2.679e+02  1.415e+03 -2.571e+03 -5.786e+03 
 3.393e+02  5.656e+01 -2.529e+01                       -1.607e+03 -2.679e+02  1.198e+02                        4.178e+03  1.415e+03 -7.513e+02  1.198e+02 -2.529e+01 -5.786e+03 -2.571e+03  1.415e+03 -2.679e+02  5.656e+01  2.314e+04 -5.786e+03  4.178e+03 -1.607e+03  3.393e+02 
 5.656e+01  3.393e+02  2.529e+01                       -2.679e+02 -1.607e+03 -1.198e+02                        1.415e+03  4.178e+03  1.307e+03 -4.539e+02  1.198e+02 -2.571e+03 -5.786e+03 -2.658e+03  1.015e+03 -2.679e+02 -5.786e+03  2.314e+04 -1.163e+04  6.089e+03 -1.607e+03 
-2.529e+01  2.529e+01  1.357e+02  2.529e+01 -2.529e+01  1.198e+02 -1.198e+02 -6.429e+02 -1.198e+02  1.198e+02 -7.513e+02  1.307e+03  6.245e+02  1.307e+03 -7.513e+02  1.415e+03 -2.658e+03  2.571e+01 -2.658e+03  1.415e+03  4.178e+03 -1.163e+04  2.330e+04 -1.163e+04  4.178e+03 
                       2.529e+01  3.393e+02  5.656e+01                       -1.198e+02 -1.607e+03 -2.679e+02  1.198e+02 -4.539e+02  1.307e+03  4.178e+03  1.415e+03 -2.679e+02  1.015e+03 -2.658e+03 -5.786e+03 -2.571e+03 -1.607e+03  6.089e+03 -1.163e+04  2.314e+04 -5.786e+03 
                      -2.529e+01  5.656e+01  3.393e+02                        1.198e+02 -2.679e+02 -1.607e+03 -2.529e+01  1.198e+02 -7.513e+02  1.415e+03  4.178e+03  5.656e+01 -2.679e+02  1.415e+03 -2.571e+03 -5.786e+03  3.393e+02 -1.607e+03  4.178e+03 -5.786e+03  2.314e+04 

Rj A Rj^T:
 2.814e+04 -8.286e+03  4.605e+03 -1.607e+03  3.393e+02 -8.286e+03 -1.321e+03  1.201e+03 -2.679e+02  5.656e+01  4.605e+03  1.201e+03 -7.148e+02  1.198e+02 -2.529e+01 -1.607e+03 -2.679e+02  1.198e+02                        3.393e+02  5.656e+01 -2.529e+01                       
-8.286e+03  2.814e+04 -1.456e+04  6.089e+03 -1.607e+03 -1.321e+03 -8.286e+03 -1.194e+03  1.015e+03 -2.679e+02  1.201e+03  4.605e+03  1.057e+03 -4.539e+02  1.198e+02 -2.679e+02 -1.607e+03 -1.198e+02                        5.656e+01  3.393e+02  2.529e+01                       
 4.605e+03 -1.456e+04  2.850e+04 -1.456e+04  4.605e+03  1.201e+03 -1.194e+03 -2.574e+03 -1.194e+03  1.201e+03 -7.148e+02  1.057e+03  1.069e+03  1.057e+03 -7.148e+02  1.198e+02 -1.198e+02 -6.429e+02 -1.198e+02  1.198e+02 -2.529e+01  2.529e+01  1.357e+02  2.529e+01 -2.529e+01 
-1.607e+03  6.089e+03 -1.456e+04  2.814e+04 -8.286e+03 -2.679e+02  1.015e+03 -1.194e+03 -8.286e+03 -1.321e+03  1.198e+02 -4.539e+02  1.057e+03  4.605e+03  1.201e+03                       -1.198e+02 -1.607e+03 -2.679e+02                        2.529e+01  3.393e+02  5.656e+01 
