  Domain:                                    (0, 1) x (0, 1)        
  Root mesh:                                 3 x 3        
  Number of root cells:                      9        
  Number of active cells:                    36        

  Number of degrees of freedom:              361        
  Interpolating boundary values              ...        
  Equation Data:                             clamped (Gaussian bells)        
  IP pre-factor:                             1        
  Local solver:                              Kronecker SVD        
  Selected KSVD tensors:                     [0, 1]        
  Number of Lanczos iterations:              5        
  Addition to min. eigenvalue:               0.025        
  Stream function formulation (Stokes):      false    

  Finite element:                            FE_Q<2>(3)        
  Number of run cycles:                      0        
  Using TBB:                                 false    

  Geometry:                                  Cube        
  Number of refinements:                     1        
  Number of repetitions:                     3        
  Subdivisions per direction:                []        
  Distortion factor:                         -1.000e+00

  Solver:                                    cg        
  Absolute tolerance:                        1.000e-14    
  Relative tolerance:                        1.000e-08    
  Number of maximal iterations:              100        
  Preconditioner:                            GMG        
  Solver control:                            relative tolerance        

  Multigrid:                                 V-cycle        
  /// Pre-smoother                                   
  Number of smoothing steps:                 1        
  Doubling of smoothing steps:               false    
  Smoother:                                  Schwarz Smoother        
  Schwarz operator                           Additive Vertex Patch        
  Damping factor                             0.348        
  User-defined coloring                      true     
  Symmetrized Schwarz operator               false    
  Reversed Schwarz operator                  false    
  RAS - weights                              false    
  RAS - boolean weights                      false    
  Number of quad points (surrogate)          5        
  Normalize surrogate patches                false    
  Compute arc length (surrogate)             true     
  Caching strategy                           cached        
  /// Post-smoother                                  
  Number of smoothing steps:                 1        
  Doubling of smoothing steps:               false    
  Smoother:                                  Schwarz Smoother        
  Schwarz operator                           Additive Vertex Patch        
  Damping factor                             0.348        
  User-defined coloring                      true     
  Symmetrized Schwarz operator               false    
  Reversed Schwarz operator                  false    
  RAS - weights                              false    
  RAS - boolean weights                      false    
  Number of quad points (surrogate)          5        
  Normalize surrogate patches                false    
  Compute arc length (surrogate)             true     
  Caching strategy                           cached        
  /// Coarse grid solver                             
  Coarse grid solver:                        Accurate Iterative Solver        
  Iterative solver:                          none        
  Accuracy:                                  1.000e-12    

tildeAj / omega:
 2.822e+04 -8.201e+03  4.557e+03 -1.596e+03  3.370e+02 -8.201e+03 -1.398e+03  1.045e+03 -1.910e+02  4.032e+01  4.557e+03  1.045e+03 -7.489e+02  1.526e+02 -3.221e+01 -1.596e+03 -1.910e+02  1.526e+02 -2.311e+01  4.880e+00  3.370e+02  4.032e+01 -3.221e+01  4.880e+00 -1.030e+00 
-8.201e+03  2.822e+04 -1.446e+04  6.047e+03 -1.596e+03 -1.398e+03 -8.201e+03 -1.096e+03  7.235e+02 -1.910e+02  1.045e+03  4.557e+03  9.846e+02 -5.780e+02  1.526e+02 -1.910e+02 -1.596e+03 -9.952e+01  8.756e+01 -2.311e+01  4.032e+01  3.370e+02  2.101e+01 -1.849e+01  4.880e+00 
 4.557e+03 -1.446e+04  2.843e+04 -1.446e+04  4.557e+03  1.045e+03 -1.096e+03 -2.682e+03 -1.096e+03  1.045e+03 -7.489e+02  9.846e+02  1.094e+03  9.846e+02 -7.489e+02  1.526e+02 -9.952e+01 -6.417e+02 -9.952e+01  1.526e+02 -3.221e+01  2.101e+01  1.355e+02  2.101e+01 -3.221e+01 
-1.596e+03  6.047e+03 -1.446e+04  2.822e+04 -8.201e+03 -1.910e+02  7.235e+02 -1.096e+03 -8.201e+03 -1.398e+03  1.526e+02 -5.780e+02  9.846e+02  4.557e+03  1.045e+03 -2.311e+01  8.756e+01 -9.952e+01 -1.596e+03 -1.910e+02  4.880e+00 -1.849e+01  2.101e+01  3.370e+02  4.032e+01 
 3.370e+02 -1.596e+03  4.557e+03 -8.201e+03  2.822e+04  4.032e+01 -1.910e+02  1.045e+03 -1.398e+03 -8.201e+03 -3.221e+01  1.526e+02 -7.489e+02  1.045e+03  4.557e+03  4.880e+00 -2.311e+01  1.526e+02 -1.910e+02 -1.596e+03 -1.030e+00  4.880e+00 -3.221e+01  4.032e+01  3.370e+02 
-8.201e+03 -1.398e+03  1.045e+03 -1.910e+02  4.032e+01  2.822e+04 -8.201e+03  4.557e+03 -1.596e+03  3.370e+02 -1.446e+04 -1.096e+03  9.846e+02 -9.952e+01  2.101e+01  6.047e+03  7.235e+02 -5.780e+02  8.756e+01 -1.849e+01 -1.596e+03 -1.910e+02  1.526e+02 -2.311e+01  4.880e+00 
-1.398e+03 -8.201e+03 -1.096e+03  7.235e+02 -1.910e+02 -8.201e+03  2.822e+04 -1.446e+04  6.047e+03 -1.596e+03 -1.096e+03 -1.446e+04 -1.289e+01  3.771e+02 -9.952e+01  7.235e+02  6.047e+03  3.771e+02 -3.318e+02  8.756e+01 -1.910e+02 -1.596e+03 -9.952e+01  8.756e+01 -2.311e+01 
 1.045e+03 -1.096e+03 -2.682e+03 -1.096e+03  1.045e+03  4.557e+03 -1.446e+04  2.843e+04 -1.446e+04  4.557e+03  9.846e+02 -1.289e+01 -6.749e+03 -1.289e+01  9.846e+02 -5.780e+02  3.771e+02  2.431e+03  3.771e+02 -5.780e+02  1.526e+02 -9.952e+01 -6.417e+02 -9.952e+01  1.526e+02 
-1.910e+02  7.235e+02 -1.096e+03 -8.201e+03 -1.398e+03 -1.596e+03  6.047e+03 -1.446e+04  2.822e+04 -8.201e+03 -9.952e+01  3.771e+02 -1.289e+01 -1.446e+04 -1.096e+03  8.756e+01 -3.318e+02  3.771e+02  6.047e+03  7.235e+02 -2.311e+01  8.756e+01 -9.952e+01 -1.596e+03 -1.910e+02 
 4.032e+01 -1.910e+02  1.045e+03 -1.398e+03 -8.201e+03  3.370e+02 -1.596e+03  4.557e+03 -8.201e+03  2.822e+04  2.101e+01 -9.952e+01  9.846e+02 -1.096e+03 -1.446e+04 -1.849e+01  8.756e+01 -5.780e+02  7.235e+02  6.047e+03  4.880e+00 -2.311e+01  1.526e+02 -1.910e+02 -1.596e+03 
 4.557e+03  1.045e+03 -7.489e+02  1.526e+02 -3.221e+01 -1.446e+04 -1.096e+03  9.846e+02 -9.952e+01  2.101e+01  2.843e+04 -2.682e+03  1.094e+03 -6.417e+02  1.355e+02 -1.446e+04 -1.096e+03  9.846e+02 -9.952e+01  2.101e+01  4.557e+03  1.045e+03 -7.489e+02  1.526e+02 -3.221e+01 
 1.045e+03  4.557e+03  9.846e+02 -5.780e+02  1.526e+02 -1.096e+03 -1.446e+04 -1.289e+01  3.771e+02 -9.952e+01 -2.682e+03  2.843e+04 -6.749e+03  2.431e+03 -6.417e+02 -1.096e+03 -1.446e+04 -1.289e+01  3.771e+02 -9.952e+01  1.045e+03  4.557e+03  9.846e+02 -5.780e+02  1.526e+02 
-7.489e+02  9.846e+02  1.094e+03  9.846e+02 -7.489e+02  9.846e+02 -1.289e+01 -6.749e+03 -1.289e+01  9.846e+02  1.094e+03 -6.749e+03  2.040e+04 -6.749e+03  1.094e+03  9.846e+02 -1.289e+01 -6.749e+03 -1.289e+01  9.846e+02 -7.489e+02  9.846e+02  1.094e+03  9.846e+02 -7.489e+02 
 1.526e+02 -5.780e+02  9.846e+02  4.557e+03  1.045e+03 -9.952e+01  3.771e+02 -1.289e+01 -1.446e+04 -1.096e+03 -6.417e+02  2.431e+03 -6.749e+03  2.843e+04 -2.682e+03 -9.952e+01  3.771e+02 -1.289e+01 -1.446e+04 -1.096e+03  1.526e+02 -5.780e+02  9.846e+02  4.557e+03  1.045e+03 
-3.221e+01  1.526e+02 -7.489e+02  1.045e+03  4.557e+03  2.101e+01 -9.952e+01  9.846e+02 -1.096e+03 -1.446e+04  1.355e+02 -6.417e+02  1.094e+03 -2.682e+03  2.843e+04  2.101e+01 -9.952e+01  9.846e+02 -1.096e+03 -1.446e+04 -3.221e+01  1.526e+02 -7.489e+02  1.045e+03  4.557e+03 
-1.596e+03 -1.910e+02  1.526e+02 -2.311e+01  4.880e+00  6.047e+03  7.235e+02 -5.780e+02  8.756e+01 -1.849e+01 -1.446e+04 -1.096e+03  9.846e+02 -9.952e+01  2.101e+01  2.822e+04 -8.201e+03  4.557e+03 -1.596e+03  3.370e+02 -8.201e+03 -1.398e+03  1.045e+03 -1.910e+02  4.032e+01 
-1.910e+02 -1.596e+03 -9.952e+01  8.756e+01 -2.311e+01  7.235e+02  6.047e+03  3.771e+02 -3.318e+02  8.756e+01 -1.096e+03 -1.446e+04 -1.289e+01  3.771e+02 -9.952e+01 -8.201e+03  2.822e+04 -1.446e+04  6.047e+03 -1.596e+03 -1.398e+03 -8.201e+03 -1.096e+03  7.235e+02 -1.910e+02 
 1.526e+02 -9.952e+01 -6.417e+02 -9.952e+01  1.526e+02 -5.780e+02  3.771e+02  2.431e+03  3.771e+02 -5.780e+02  9.846e+02 -1.289e+01 -6.749e+03 -1.289e+01  9.846e+02  4.557e+03 -1.446e+04  2.843e+04 -1.446e+04  4.557e+03  1.045e+03 -1.096e+03 -2.682e+03 -1.096e+03  1.045e+03 
-2.311e+01  8.756e+01 -9.952e+01 -1.596e+03 -1.910e+02  8.756e+01 -3.318e+02  3.771e+02  6.047e+03  7.235e+02 -9.952e+01  3.771e+02 -1.289e+01 -1.446e+04 -1.096e+03 -1.596e+03  6.047e+03 -1.446e+04  2.822e+04 -8.201e+03 -1.910e+02  7.235e+02 -1.096e+03 -8.201e+03 -1.398e+03 
 4.880e+00 -2.311e+01  1.526e+02 -1.910e+02 -1.596e+03 -1.849e+01  8.756e+01 -5.780e+02  7.235e+02  6.047e+03  2.101e+01 -9.952e+01  9.846e+02 -1.096e+03 -1.446e+04  3.370e+02 -1.596e+03  4.557e+03 -8.201e+03  2.822e+04  4.032e+01 -1.910e+02  1.045e+03 -1.398e+03 -8.201e+03 
 3.370e+02  4.032e+01 -3.221e+01  4.880e+00 -1.030e+00 -1.596e+03 -1.910e+02  1.526e+02 -2.311e+01  4.880e+00  4.557e+03  1.045e+03 -7.489e+02  1.526e+02 -3.221e+01 -8.201e+03 -1.398e+03  1.045e+03 -1.910e+02  4.032e+01  2.822e+04 -8.201e+03  4.557e+03 -1.596e+03  3.370e+02 
 4.032e+01  3.370e+02  2.101e+01 -1.849e+01  4.880e+00 -1.910e+02 -1.596e+03 -9.952e+01  8.756e+01 -2.311e+01  1.045e+03  4.557e+03  9.846e+02 -5.780e+02  1.526e+02 -1.398e+03 -8.201e+03 -1.096e+03  7.235e+02 -1.910e+02 -8.201e+03  2.822e+04 -1.446e+04  6.047e+03 -1.596e+03 
-3.221e+01  2.101e+01  1.355e+02  2.101e+01 -3.221e+01  1.526e+02 -9.952e+01 -6.417e+02 -9.952e+01  1.526e+02 -7.489e+02  9.846e+02  1.094e+03  9.846e+02 -7.489e+02  1.045e+03 -1.096e+03 -2.682e+03 -1.096e+03  1.045e+03  4.557e+03 -1.446e+04  2.843e+04 -1.446e+04  4.557e+03 
 4.880e+00 -1.849e+01  2.101e+01  3.370e+02  4.032e+01 -2.311e+01  8.756e+01 -9.952e+01 -1.596e+03 -1.910e+02  1.526e+02 -5.780e+02  9.846e+02  4.557e+03  1.045e+03 -1.910e+02  7.235e+02 -1.096e+03 -8.201e+03 -1.398e+03 -1.596e+03  6.047e+03 -1.446e+04  2.822e+04 -8.201e+03 
-1.030e+00  4.880e+00 -3.221e+01  4.032e+01  3.370e+02  4.880e+00 -2.311e+01  1.526e+02 -1.910e+02 -1.596e+03 -3.221e+01  1.526e+02 -7.489e+02  1.045e+03  4.557e+03  4.032e+01 -1.910e+02  1.045e+03 -1.398e+03 -8.201e+03  3.370e+02 -1.596e+03  4.557e+03 -8.201e+03  2.822e+04 

Rj A Rj^T:
 2.814e+04 -8.286e+03  4.605e+03 -1.607e+03  3.393e+02 -8.286e+03 -1.321e+03  1.201e+03 -2.679e+02  5.656e+01  4.605e+03  1.201e+03 -7.148e+02  1.198e+02 -2.529e+01 -1.607e+03 -2.679e+02  1.198e+02                        3.393e+02  5.656e+01 -2.529e+01                       
-8.286e+03  2.814e+04 -1.456e+04  6.089e+03 -1.607e+03 -1.321e+03 -8.286e+03 -1.194e+03  1.015e+03 -2.679e+02  1.201e+03  4.605e+03  1.057e+03 -4.539e+02  1.198e+02 -2.679e+02 -1.607e+03 -1.198e+02                        5.656e+01  3.393e+02  2.529e+01                       
 4.605e+03 -1.456e+04  2.850e+04 -1.456e+04  4.605e+03  1.201e+03 -1.194e+03 -2.574e+03 -1.194e+03  1.201e+03 -7.148e+02  1.057e+03  1.069e+03  1.057e+03 -7.148e+02  1.198e+02 -1.198e+02 -6.429e+02 -1.198e+02  1.198e+02 -2.529e+01  2.529e+01  1.357e+02  2.529e+01 -2.529e+01 
-1.607e+03  6.089e+03 -1.456e+04  2.814e+04 -8.286e+03 -2.679e+02  1.015e+03 -1.194e+03 -8.286e+03 -1.321e+03  1.198e+02 -4.539e+02  1.057e+03  4.605e+03  1.201e+03                       -1.198e+02 -1.607e+03 -2.679e+02                        2.529e+01  3.393e+02  5.656e+01 
 3.393e+02 -1.607e+03  4.605e+03 -8.286e+03  2.814e+04  5.656e+01 -2.679e+02  1.201e+03 -1.321e+03 -8.286e+03 -2.529e+01  1.198e+02 -7.148e+02  1.201e+03  4.605e+03                        1.198e+02 -2.679e+02 -1.607e+03                       -2.529e+01  5.656e+01  3.393e+02 
-8.286e+03 -1.321e+03  1.201e+03 -2.679e+02  5.656e+01  2.814e+04 -8.286e+03  4.605e+03 -1.607e+03  3.393e+02 -1.456e+04 -1.194e+03  1.057e+03 -1.198e+02  2.529e+01  6.089e+03  1.015e+03 -4.539e+02                       -1.607e+03 -2.679e+02  1.198e+02                       
-1.321e+03 -8.286e+03 -1.194e+03  1.015e+03 -2.679e+02 -8.286e+03  2.814e+04 -1.456e+04  6.089e+03 -1.607e+03 -1.194e+03 -1.456e+04 -1.494e+02  4.539e+02 -1.198e+02  1.015e+03  6.089e+03  4.539e+02                       -2.679e+02 -1.607e+03 -1.198e+02                       
 1.201e+03 -1.194e+03 -2.574e+03 -1.194e+03  1.201e+03  4.605e+03 -1.456e+04  2.850e+04 -1.456e+04  4.605e+03  1.057e+03 -1.494e+02 -6.652e+03 -1.494e+02  1.057e+03 -4.539e+02  4.539e+02  2.436e+03  4.539e+02 -4.539e+02  1.198e+02 -1.198e+02 -6.429e+02 -1.198e+02  1.198e+02 
-2.679e+02  1.015e+03 -1.194e+03 -8.286e+03 -1.321e+03 -1.607e+03  6.089e+03 -1.456e+04  2.814e+04 -8.286e+03 -1.198e+02  4.539e+02 -1.494e+02 -1.456e+04 -1.194e+03                        4.539e+02  6.089e+03  1.015e+03                       -1.198e+02 -1.607e+03 -2.679e+02 
 5.656e+01 -2.679e+02  1.201e+03 -1.321e+03 -8.286e+03  3.393e+02 -1.607e+03  4.605e+03 -8.286e+03  2.814e+04  2.529e+01 -1.198e+02  1.057e+03 -1.194e+03 -1.456e+04                       -4.539e+02  1.015e+03  6.089e+03                        1.198e+02 -2.679e+02 -1.607e+03 
 4.605e+03  1.201e+03 -7.148e+02  1.198e+02 -2.529e+01 -1.456e+04 -1.194e+03  1.057e+03 -1.198e+02  2.529e+01  2.850e+04 -2.574e+03  1.069e+03 -6.429e+02  1.357e+02 -1.456e+04 -1.194e+03  1.057e+03 -1.198e+02  2.529e+01  4.605e+03  1.201e+03 -7.148e+02  1.198e+02 -2.529e+01 
 1.201e+03  4.605e+03  1.057e+03 -4.539e+02  1.198e+02 -1.194e+03 -1.456e+04 -1.494e+02  4.539e+02 -1.198e+02 -2.574e+03  2.850e+04 -6.652e+03  2.436e+03 -6.429e+02 -1.194e+03 -1.456e+04 -1.494e+02  4.539e+02 -1.198e+02  1.201e+03  4.605e+03  1.057e+03 -4.539e+02  1.198e+02 
-7.148e+02  1.057e+03  1.069e+03  1.057e+03 -7.148e+02  1.057e+03 -1.494e+02 -6.652e+03 -1.494e+02  1.057e+03  1.069e+03 -6.652e+03  2.034e+04 -6.652e+03  1.069e+03  1.057e+03 -1.494e+02 -6.652e+03 -1.494e+02  1.057e+03 -7.148e+02  1.057e+03  1.069e+03  1.057e+03 -7.148e+02 
 1.198e+02 -4.539e+02  1.057e+03  4.605e+03  1.201e+03 -1.198e+02  4.539e+02 -1.494e+02 -1.456e+04 -1.194e+03 -6.429e+02  2.436e+03 -6.652e+03  2.850e+04 -2.574e+03 -1.198e+02  4.539e+02 -1.494e+02 -1.456e+04 -1.194e+03  1.198e+02 -4.539e+02  1.057e+03  4.605e+03  1.201e+03 
-2.529e+01  1.198e+02 -7.148e+02  1.201e+03  4.605e+03  2.529e+01 -1.198e+02  1.057e+03 -1.194e+03 -1.456e+04  1.357e+02 -6.429e+02  1.069e+03 -2.574e+03  2.850e+04  2.529e+01 -1.198e+02  1.057e+03 -1.194e+03 -1.456e+04 -2.529e+01  1.198e+02 -7.148e+02  1.201e+03  4.605e+03 
-1.607e+03 -2.679e+02  1.198e+02                        6.089e+03  1.015e+03 -4.539e+02                       -1.456e+04 -1.194e+03  1.057e+03 -1.198e+02  2.529e+01  2.814e+04 -8.286e+03  4.605e+03 -1.607e+03  3.393e+02 -8.286e+03 -1.321e+03  1.201e+03 -2.679e+02  5.656e+01 
-2.679e+02 -1.607e+03 -1.198e+02                        1.015e+03  6.089e+03  4.539e+02                       -1.194e+03 -1.456e+04 -1.494e+02  4.539e+02 -1.198e+02 -8.286e+03  2.814e+04 -1.456e+04  6.089e+03 -1.607e+03 -1.321e+03 -8.286e+03 -1.194e+03  1.015e+03 -2.679e+02 
 1.198e+02 -1.198e+02 -6.429e+02 -1.198e+02  1.198e+02 -4.539e+02  4.539e+02  2.436e+03  4.539e+02 -4.539e+02  1.057e+03 -1.494e+02 -6.652e+03 -1.494e+02  1.057e+03  4.605e+03 -1.456e+04  2.850e+04 -1.456e+04  4.605e+03  1.201e+03 -1.194e+03 -2.574e+03 -1.194e+03  1.201e+03 
                      -1.198e+02 -1.607e+03 -2.679e+02                        4.539e+02  6.089e+03  1.015e+03 -1.198e+02  4.539e+02 -1.494e+02 -1.456e+04 -1.194e+03 -1.607e+03  6.089e+03 -1.456e+04  2.814e+04 -8.286e+03 -2.679e+02  1.015e+03 -1.194e+03 -8.286e+03 -1.321e+03 
                       1.198e+02 -2.679e+02 -1.607e+03                       -4.539e+02  1.015e+03  6.089e+03  2.529e+01 -1.198e+02  1.057e+03 -1.194e+03 -1.456e+04  3.393e+02 -1.607e+03  4.605e+03 -8.286e+03  2.814e+04  5.656e+01 -2.679e+02  1.201e+03 -1.321e+03 -8.286e+03 
 3.393e+02  5.656e+01 -2.529e+01                       -1.607e+03 -2.679e+02  1.198e+02                        4.605e+03  1.201e+03 -7.148e+02  1.198e+02 -2.529e+01 -8.286e+03 -1.321e+03  1.201e+03 -2.679e+02  5.656e+01  2.814e+04 -8.286e+03  4.605e+03 -1.607e+03  3.393e+02 
 5.656e+01  3.393e+02  2.529e+01                       -2.679e+02 -1.607e+03 -1.198e+02                        1.201e+03  4.605e+03  1.057e+03 -4.539e+02  1.198e+02 -1.321e+03 -8.286e+03 -1.194e+03  1.015e+03 -2.679e+02 -8.286e+03  2.814e+04 -1.456e+04  6.089e+03 -1.607e+03 
-2.529e+01  2.529e+01  1.357e+02  2.529e+01 -2.529e+01  1.198e+02 -1.198e+02 -6.429e+02 -1.198e+02  1.198e+02 -7.148e+02  1.057e+03  1.069e+03  1.057e+03 -7.148e+02  1.201e+03 -1.194e+03 -2.574e+03 -1.194e+03  1.201e+03  4.605e+03 -1.456e+04  2.850e+04 -1.456e+04  4.605e+03 
                       2.529e+01  3.393e+02  5.656e+01                       -1.198e+02 -1.607e+03 -2.679e+02  1.198e+02 -4.539e+02  1.057e+03  4.605e+03  1.201e+03 -2.679e+02  1.015e+03 -1.194e+03 -8.286e+03 -1.321e+03 -1.607e+03  6.089e+03 -1.456e+04  2.814e+04 -8.286e+03 
                      -2.529e+01  5.656e+01  3.393e+02                        1.198e+02 -2.679e+02 -1.607e+03 -2.529e+01  1.198e+02 -7.148e+02  1.201e+03  4.605e+03  5.656e+01 -2.679e+02  1.201e+03 -1.321e+03 -8.286e+03  3.393e+02 -1.607e+03  4.605e+03 -8.286e+03  2.814e+04 

generalized eigenvalues of Rj A Rj^T x = lambda Aj x:
[8.5392e-01, 8.5392e-01, 9.1171e-01, 9.2706e-01, 9.4468e-01, 9.7360e-01, 9.7360e-01, 9.8436e-01, 9.8952e-01, 9.9078e-01, 9.9078e-01, 9.9358e-01, 9.9673e-01, 9.9673e-01, 9.9973e-01, 1.0035e+00, 1.0047e+00, 1.0108e+00, 1.0108e+00, 1.0128e+00, 1.0128e+00, 1.0157e+00, 1.0163e+00, 1.0292e+00, 1.5071e+00]
tildeAj / omega:
 2.822e+04 -8.201e+03  4.557e+03 -1.596e+03  3.370e+02 -8.201e+03 -1.398e+03  1.045e+03 -1.910e+02  4.032e+01  4.557e+03  1.045e+03 -7.489e+02  1.526e+02 -3.221e+01 -1.596e+03 -1.910e+02  1.526e+02 -2.311e+01  4.880e+00  3.370e+02  4.032e+01 -3.221e+01  4.880e+00 -1.030e+00 
-8.201e+03  2.822e+04 -1.446e+04  6.047e+03 -1.596e+03 -1.398e+03 -8.201e+03 -1.096e+03  7.235e+02 -1.910e+02  1.045e+03  4.557e+03  9.846e+02 -5.780e+02  1.526e+02 -1.910e+02 -1.596e+03 -9.952e+01  8.756e+01 -2.311e+01  4.032e+01  3.370e+02  2.101e+01 -1.849e+01  4.880e+00 
 4.557e+03 -1.446e+04  2.843e+04 -1.446e+04  4.557e+03  1.045e+03 -1.096e+03 -2.682e+03 -1.096e+03  1.045e+03 -7.489e+02  9.846e+02  1.094e+03  9.846e+02 -7.489e+02  1.526e+02 -9.952e+01 -6.417e+02 -9.952e+01  1.526e+02 -3.221e+01  2.101e+01  1.355e+02  2.101e+01 -3.221e+01 
-1.596e+03  6.047e+03 -1.446e+04  2.822e+04 -8.201e+03 -1.910e+02  7.235e+02 -1.096e+03 -8.201e+03 -1.398e+03  1.526e+02 -5.780e+02  9.846e+02  4.557e+03  1.045e+03 -2.311e+01  8.756e+01 -9.952e+01 -1.596e+03 -1.910e+02  4.880e+00 -1.849e+01  2.101e+01  3.370e+02  4.032e+01 
 3.370e+02 -1.596e+03  4.557e+03 -8.201e+03  2.822e+04  4.032e+01 -1.910e+02  1.045e+03 -1.398e+03 -8.201e+03 -3.221e+01  1.526e+02 -7.489e+02  1.045e+03  4.557e+03  4.880e+00 -2.311e+01  1.526e+02 -1.910e+02 -1.596e+03 -1.030e+00  4.880e+00 -3.221e+01  4.032e+01  3.370e+02 
-8.201e+03 -1.398e+03  1.045e+03 -1.910e+02  4.032e+01  2.822e+04 -8.201e+03  4.557e+03 -1.596e+03  3.370e+02 -1.446e+04 -1.096e+03  9.846e+02 -9.952e+01  2.101e+01  6.047e+03  7.235e+02 -5.780e+02  8.756e+01 -1.849e+01 -1.596e+03 -1.910e+02  1.526e+02 -2.311e+01  4.880e+00 
-1.398e+03 -8.201e+03 -1.096e+03  7.235e+02 -1.910e+02 -8.201e+03  2.822e+04 -1.446e+04  6.047e+03 -1.596e+03 -1.096e+03 -1.446e+04 -1.289e+01  3.771e+02 -9.952e+01  7.235e+02  6.047e+03  3.771e+02 -3.318e+02  8.756e+01 -1.910e+02 -1.596e+03 -9.952e+01  8.756e+01 -2.311e+01 
 1.045e+03 -1.096e+03 -2.682e+03 -1.096e+03  1.045e+03  4.557e+03 -1.446e+04  2.843e+04 -1.446e+04  4.557e+03  9.846e+02 -1.289e+01 -6.749e+03 -1.289e+01  9.846e+02 -5.780e+02  3.771e+02  2.431e+03  3.771e+02 -5.780e+02  1.526e+02 -9.952e+01 -6.417e+02 -9.952e+01  1.526e+02 
-1.910e+02  7.235e+02 -1.096e+03 -8.201e+03 -1.398e+03 -1.596e+03  6.047e+03 -1.446e+04  2.822e+04 -8.201e+03 -9.952e+01  3.771e+02 -1.289e+01 -1.446e+04 -1.096e+03  8.756e+01 -3.318e+02  3.771e+02  6.047e+03  7.235e+02 -2.311e+01  8.756e+01 -9.952e+01 -1.596e+03 -1.910e+02 
 4.032e+01 -1.910e+02  1.045e+03 -1.398e+03 -8.201e+03  3.370e+02 -1.596e+03  4.557e+03 -8.201e+03  2.822e+04  2.101e+01 -9.952e+01  9.846e+02 -1.096e+03 -1.446e+04 -1.849e+01  8.756e+01 -5.780e+02  7.235e+02  6.047e+03  4.880e+00 -2.311e+01  1.526e+02 -1.910e+02 -1.596e+03 
 4.557e+03  1.045e+03 -7.489e+02  1.526e+02 -3.221e+01 -1.446e+04 -1.096e+03  9.846e+02 -9.952e+01  2.101e+01  2.843e+04 -2.682e+03  1.094e+03 -6.417e+02  1.355e+02 -1.446e+04 -1.096e+03  9.846e+02 -9.952e+01  2.101e+01  4.557e+03  1.045e+03 -7.489e+02  1.526e+02 -3.221e+01 
 1.045e+03  4.557e+03  9.846e+02 -5.780e+02  1.526e+02 -1.096e+03 -1.446e+04 -1.289e+01  3.771e+02 -9.952e+01 -2.682e+03  2.843e+04 -6.749e+03  2.431e+03 -6.417e+02 -1.096e+03 -1.446e+04 -1.289e+01  3.771e+02 -9.952e+01  1.045e+03  4.557e+03  9.846e+02 -5.780e+02  1.526e+02 
-7.489e+02  9.846e+02  1.094e+03  9.846e+02 -7.489e+02  9.846e+02 -1.289e+01 -6.749e+03 -1.289e+01  9.846e+02  1.094e+03 -6.749e+03  2.040e+04 -6.749e+03  1.094e+03  9.846e+02 -1.289e+01 -6.749e+03 -1.289e+01  9.846e+02 -7.489e+02  9.846e+02  1.094e+03  9.846e+02 -7.489e+02 
 1.526e+02 -5.780e+02  9.846e+02  4.557e+03  1.045e+03 -9.952e+01  3.771e+02 -1.289e+01 -1.446e+04 -1.096e+03 -6.417e+02  2.431e+03 -6.749e+03  2.843e+04 -2.682e+03 -9.952e+01  3.771e+02 -1.289e+01 -1.446e+04 -1.096e+03  1.526e+02 -5.780e+02  9.846e+02  4.557e+03  1.045e+03 
-3.221e+01  1.526e+02 -7.489e+02  1.045e+03  4.557e+03  2.101e+01 -9.952e+01  9.846e+02 -1.096e+03 -1.446e+04  1.355e+02 -6.417e+02  1.094e+03 -2.682e+03  2.843e+04  2.101e+01 -9.952e+01  9.846e+02 -1.096e+03 -1.446e+04 -3.221e+01  1.526e+02 -7.489e+02  1.045e+03  4.557e+03 
-1.596e+03 -1.910e+02  1.526e+02 -2.311e+01  4.880e+00  6.047e+03  7.235e+02 -5.780e+02  8.756e+01 -1.849e+01 -1.446e+04 -1.096e+03  9.846e+02 -9.952e+01  2.101e+01  2.822e+04 -8.201e+03  4.557e+03 -1.596e+03  3.370e+02 -8.201e+03 -1.398e+03  1.045e+03 -1.910e+02  4.032e+01 
-1.910e+02 -1.596e+03 -9.952e+01  8.756e+01 -2.311e+01  7.235e+02  6.047e+03  3.771e+02 -3.318e+02  8.756e+01 -1.096e+03 -1.446e+04 -1.289e+01  3.771e+02 -9.952e+01 -8.201e+03  2.822e+04 -1.446e+04  6.047e+03 -1.596e+03 -1.398e+03 -8.201e+03 -1.096e+03  7.235e+02 -1.910e+02 
 1.526e+02 -9.952e+01 -6.417e+02 -9.952e+01  1.526e+02 -5.780e+02  3.771e+02  2.431e+03  3.771e+02 -5.780e+02  9.846e+02 -1.289e+01 -6.749e+03 -1.289e+01  9.846e+02  4.557e+03 -1.446e+04  2.843e+04 -1.446e+04  4.557e+03  1.045e+03 -1.096e+03 -2.682e+03 -1.096e+03  1.045e+03 
-2.311e+01  8.756e+01 -9.952e+01 -1.596e+03 -1.910e+02  8.756e+01 -3.318e+02  3.771e+02  6.047e+03  7.235e+02 -9.952e+01  3.771e+02 -1.289e+01 -1.446e+04 -1.096e+03 -1.596e+03  6.047e+03 -1.446e+04  2.822e+04 -8.201e+03 -1.910e+02  7.235e+02 -1.096e+03 -8.201e+03 -1.398e+03 
 4.880e+00 -2.311e+01  1.526e+02 -1.910e+02 -1.596e+03 -1.849e+01  8.756e+01 -5.780e+02  7.235e+02  6.047e+03  2.101e+01 -9.952e+01  9.846e+02 -1.096e+03 -1.446e+04  3.370e+02 -1.596e+03  4.557e+03 -8.201e+03  2.822e+04  4.032e+01 -1.910e+02  1.045e+03 -1.398e+03 -8.201e+03 
 3.370e+02  4.032e+01 -3.221e+01  4.880e+00 -1.030e+00 -1.596e+03 -1.910e+02  1.526e+02 -2.311e+01  4.880e+00  4.557e+03  1.045e+03 -7.489e+02  1.526e+02 -3.221e+01 -8.201e+03 -1.398e+03  1.045e+03 -1.910e+02  4.032e+01  2.822e+04 -8.201e+03  4.557e+03 -1.596e+03  3.370e+02 
 4.032e+01  3.370e+02  2.101e+01 -1.849e+01  4.880e+00 -1.910e+02 -1.596e+03 -9.952e+01  8.756e+01 -2.311e+01  1.045e+03  4.557e+03  9.846e+02 -5.780e+02  1.526e+02 -1.398e+03 -8.201e+03 -1.096e+03  7.235e+02 -1.910e+02 -8.201e+03  2.822e+04 -1.446e+04  6.047e+03 -1.596e+03 
-3.221e+01  2.101e+01  1.355e+02  2.101e+01 -3.221e+01  1.526e+02 -9.952e+01 -6.417e+02 -9.952e+01  1.526e+02 -7.489e+02  9.846e+02  1.094e+03  9.846e+02 -7.489e+02  1.045e+03 -1.096e+03 -2.682e+03 -1.096e+03  1.045e+03  4.557e+03 -1.446e+04  2.843e+04 -1.446e+04  4.557e+03 
 4.880e+00 -1.849e+01  2.101e+01  3.370e+02  4.032e+01 -2.311e+01  8.756e+01 -9.952e+01 -1.596e+03 -1.910e+02  1.526e+02 -5.780e+02  9.846e+02  4.557e+03  1.045e+03 -1.910e+02  7.235e+02 -1.096e+03 -8.201e+03 -1.398e+03 -1.596e+03  6.047e+03 -1.446e+04  2.822e+04 -8.201e+03 
-1.030e+00  4.880e+00 -3.221e+01  4.032e+01  3.370e+02  4.880e+00 -2.311e+01  1.526e+02 -1.910e+02 -1.596e+03 -3.221e+01  1.526e+02 -7.489e+02  1.045e+03  4.557e+03  4.032e+01 -1.910e+02  1.045e+03 -1.398e+03 -8.201e+03  3.370e+02 -1.596e+03  4.557e+03 -8.201e+03  2.822e+04 

Rj A Rj^T:
 2.814e+04 -8.286e+03  4.605e+03 -1.607e+03  3.393e+02 -8.286e+03 -1.321e+03  1.201e+03 -2.679e+02  5.656e+01  4.605e+03  1.201e+03 -7.148e+02  1.198e+02 -2.529e+01 -1.607e+03 -2.679e+02  1.198e+02                        3.393e+02  5.656e+01 -2.529e+01                       
-8.286e+03  2.814e+04 -1.456e+04  6.089e+03 -1.607e+03 -1.321e+03 -8.286e+03 -1.194e+03  1.015e+03 -2.679e+02  1.201e+03  4.605e+03  1.057e+03 -4.539e+02  1.198e+02 -2.679e+02 -1.607e+03 -1.198e+02                        5.656e+01  3.393e+02  2.529e+01                       
 4.605e+03 -1.456e+04  2.850e+04 -1.456e+04  4.605e+03  1.201e+03 -1.194e+03 -2.574e+03 -1.194e+03  1.201e+03 -7.148e+02  1.057e+03  1.069e+03  1.057e+03 -7.148e+02  1.198e+02 -1.198e+02 -6.429e+02 -1.198e+02  1.198e+02 -2.529e+01  2.529e+01  1.357e+02  2.529e+01 -2.529e+01 
-1.607e+03  6.089e+03 -1.456e+04  2.814e+04 -8.286e+03 -2.679e+02  1.015e+03 -1.194e+03 -8.286e+03 -1.321e+03  1.198e+02 -4.539e+02  1.057e+03  4.605e+03  1.201e+03                       -1.198e+02 -1.607e+03 -2.679e+02                        2.529e+01  3.393e+02  5.656e+01 
 3.393e+02 -1.607e+03  4.605e+03 -8.286e+03  2.814e+04  5.656e+01 -2.679e+02  1.201e+03 -1.321e+03 -8.286e+03 -2.529e+01  1.198e+02 -7.148e+02  1.201e+03  4.605e+03                        1.198e+02 -2.679e+02 -1.607e+03                       -2.529e+01  5.656e+01  3.393e+02 
-8.286e+03 -1.321e+03  1.201e+03 -2.679e+02  5.656e+01  2.814e+04 -8.286e+03  4.605e+03 -1.607e+03  3.393e+02 -1.456e+04 -1.194e+03  1.057e+03 -1.198e+02  2.529e+01  6.089e+03  1.015e+03 -4.539e+02                       -1.607e+03 -2.679e+02  1.198e+02                       
-1.321e+03 -8.286e+03 -1.194e+03  1.015e+03 -2.679e+02 -8.286e+03  2.814e+04 -1.456e+04  6.089e+03 -1.607e+03 -1.194e+03 -1.456e+04 -1.494e+02  4.539e+02 -1.198e+02  1.015e+03  6.089e+03  4.539e+02                       -2.679e+02 -1.607e+03 -1.198e+02                       
 1.201e+03 -1.194e+03 -2.574e+03 -1.194e+03  1.201e+03  4.605e+03 -1.456e+04  2.850e+04 -1.456e+04  4.605e+03  1.057e+03 -1.494e+02 -6.652e+03 -1.494e+02  1.057e+03 -4.539e+02  4.539e+02  2.436e+03  4.539e+02 -4.539e+02  1.198e+02 -1.198e+02 -6.429e+02 -1.198e+02  1.198e+02 
-2.679e+02  1.015e+03 -1.194e+03 -8.286e+03 -1.321e+03 -1.607e+03  6.089e+03 -1.456e+04  2.814e+04 -8.286e+03 -1.198e+02  4.539e+02 -1.494e+02 -1.456e+04 -1.194e+03                        4.539e+02  6.089e+03  1.015e+03                       -1.198e+02 -1.607e+03 -2.679e+02 
 5.656e+01 -2.679e+02  1.201e+03 -1.321e+03 -8.286e+03  3.393e+02 -1.607e+03  4.605e+03 -8.286e+03  2.814e+04  2.529e+01 -1.198e+02  1.057e+03 -1.194e+03 -1.456e+04                       -4.539e+02  1.015e+03  6.089e+03                        1.198e+02 -2.679e+02 -1.607e+03 
 4.605e+03  1.201e+03 -7.148e+02  1.198e+02 -2.529e+01 -1.456e+04 -1.194e+03  1.057e+03 -1.198e+02  2.529e+01  2.850e+04 -2.574e+03  1.069e+03 -6.429e+02  1.357e+02 -1.456e+04 -1.194e+03  1.057e+03 -1.198e+02  2.529e+01  4.605e+03  1.201e+03 -7.148e+02  1.198e+02 -2.529e+01 
 1.201e+03  4.605e+03  1.057e+03 -4.539e+02  1.198e+02 -1.194e+03 -1.456e+04 -1.494e+02  4.539e+02 -1.198e+02 -2.574e+03  2.850e+04 -6.652e+03  2.436e+03 -6.429e+02 -1.194e+03 -1.456e+04 -1.494e+02  4.539e+02 -1.198e+02  1.201e+03  4.605e+03  1.057e+03 -4.539e+02  1.198e+02 
-7.148e+02  1.057e+03  1.069e+03  1.057e+03 -7.148e+02  1.057e+03 -1.494e+02 -6.652e+03 -1.494e+02  1.057e+03  1.069e+03 -6.652e+03  2.034e+04 -6.652e+03  1.069e+03  1.057e+03 -1.494e+02 -6.652e+03 -1.494e+02  1.057e+03 -7.148e+02  1.057e+03  1.069e+03  1.057e+03 -7.148e+02 
 1.198e+02 -4.539e+02  1.057e+03  4.605e+03  1.201e+03 -1.198e+02  4.539e+02 -1.494e+02 -1.456e+04 -1.194e+03 -6.429e+02  2.436e+03 -6.652e+03  2.850e+04 -2.574e+03 -1.198e+02  4.539e+02 -1.494e+02 -1.456e+04 -1.194e+03  1.198e+02 -4.539e+02  1.057e+03  4.605e+03  1.201e+03 
-2.529e+01  1.198e+02 -7.148e+02  1.201e+03  4.605e+03  2.529e+01 -1.198e+02  1.057e+03 -1.194e+03 -1.456e+04  1.357e+02 -6.429e+02  1.069e+03 -2.574e+03  2.850e+04  2.529e+01 -1.198e+02  1.057e+03 -1.194e+03 -1.456e+04 -2.529e+01  1.198e+02 -7.148e+02  1.201e+03  4.605e+03 
-1.607e+03 -2.679e+02  1.198e+02                        6.089e+03  1.015e+03 -4.539e+02                       -1.456e+04 -1.194e+03  1.057e+03 -1.198e+02  2.529e+01  2.814e+04 -8.286e+03  4.605e+03 -1.607e+03  3.393e+02 -8.286e+03 -1.321e+03  1.201e+03 -2.679e+02  5.656e+01 
-2.679e+02 -1.607e+03 -1.198e+02                        1.015e+03  6.089e+03  4.539e+02                       -1.194e+03 -1.456e+04 -1.494e+02  4.539e+02 -1.198e+02 -8.286e+03  2.814e+04 -1.456e+04  6.089e+03 -1.607e+03 -1.321e+03 -8.286e+03 -1.194e+03  1.015e+03 -2.679e+02 
 1.198e+02 -1.198e+02 -6.429e+02 -1.198e+02  1.198e+02 -4.539e+02  4.539e+02  2.436e+03  4.539e+02 -4.539e+02  1.057e+03 -1.494e+02 -6.652e+03 -1.494e+02  1.057e+03  4.605e+03 -1.456e+04  2.850e+04 -1.456e+04  4.605e+03  1.201e+03 -1.194e+03 -2.574e+03 -1.194e+03  1.201e+03 
                      -1.198e+02 -1.607e+03 -2.679e+02                        4.539e+02  6.089e+03  1.015e+03 -1.198e+02  4.539e+02 -1.494e+02 -1.456e+04 -1.194e+03 -1.607e+03  6.089e+03 -1.456e+04  2.814e+04 -8.286e+03 -2.679e+02  1.015e+03 -1.194e+03 -8.286e+03 -1.321e+03 
                       1.198e+02 -2.679e+02 -1.607e+03                       -4.539e+02  1.015e+03  6.089e+03  2.529e+01 -1.198e+02  1.057e+03 -1.194e+03 -1.456e+04  3.393e+02 -1.607e+03  4.605e+03 -8.286e+03  2.814e+04  5.656e+01 -2.679e+02  1.201e+03 -1.321e+03 -8.286e+03 
 3.393e+02  5.656e+01 -2.529e+01                       -1.607e+03 -2.679e+02  1.198e+02                        4.605e+03  1.201e+03 -7.148e+02  1.198e+02 -2.529e+01 -8.286e+03 -1.321e+03  1.201e+03 -2.679e+02  5.656e+01  2.814e+04 -8.286e+03  4.605e+03 -1.607e+03  3.393e+02 
 5.656e+01  3.393e+02  2.529e+01                       -2.679e+02 -1.607e+03 -1.198e+02                        1.201e+03  4.605e+03  1.057e+03 -4.539e+02  1.198e+02 -1.321e+03 -8.286e+03 -1.194e+03  1.015e+03 -2.679e+02 -8.286e+03  2.814e+04 -1.456e+04  6.089e+03 -1.607e+03 
-2.529e+01  2.529e+01  1.357e+02  2.529e+01 -2.529e+01  1.198e+02 -1.198e+02 -6.429e+02 -1.198e+02  1.198e+02 -7.148e+02  1.057e+03  1.069e+03  1.057e+03 -7.148e+02  1.201e+03 -1.194e+03 -2.574e+03 -1.194e+03  1.201e+03  4.605e+03 -1.456e+04  2.850e+04 -1.456e+04  4.605e+03 
                       2.529e+01  3.393e+02  5.656e+01                       -1.198e+02 -1.607e+03 -2.679e+02  1.198e+02 -4.539e+02  1.057e+03  4.605e+03  1.201e+03 -2.679e+02  1.015e+03 -1.194e+03 -8.286e+03 -1.321e+03 -1.607e+03  6.089e+03 -1.456e+04  2.814e+04 -8.286e+03 
                      -2.529e+01  5.656e+01  3.393e+02                        1.198e+02 -2.679e+02 -1.607e+03 -2.529e+01  1.198e+02 -7.148e+02  1.201e+03  4.605e+03  5.656e+01 -2.679e+02  1.201e+03 -1.321e+03 -8.286e+03  3.393e+02 -1.607e+03  4.605e+03 -8.286e+03  2.814e+04 

generalized eigenvalues of Rj A Rj^T x = lambda Aj x:
[8.5392e-01, 8.5392e-01, 9.1171e-01, 9.2706e-01, 9.4468e-01, 9.7360e-01, 9.7360e-01, 9.8436e-01, 9.8952e-01, 9.9078e-01, 9.9078e-01, 9.9358e-01, 9.9673e-01, 9.9673e-01, 9.9973e-01, 1.0035e+00, 1.0047e+00, 1.0108e+00, 1.0108e+00, 1.0128e+00, 1.0128e+00, 1.0157e+00, 1.0163e+00, 1.0292e+00, 1.5071e+00]
tildeAj / omega:
 2.822e+04 -8.201e+03  4.557e+03 -1.596e+03  3.370e+02 -8.201e+03 -1.398e+03  1.045e+03 -1.910e+02  4.032e+01  4.557e+03  1.045e+03 -7.489e+02  1.526e+02 -3.221e+01 -1.596e+03 -1.910e+02  1.526e+02 -2.311e+01  4.880e+00  3.370e+02  4.032e+01 -3.221e+01  4.880e+00 -1.030e+00 
-8.201e+03  2.822e+04 -1.446e+04  6.047e+03 -1.596e+03 -1.398e+03 -8.201e+03 -1.096e+03  7.235e+02 -1.910e+02  1.045e+03  4.557e+03  9.846e+02 -5.780e+02  1.526e+02 -1.910e+02 -1.596e+03 -9.952e+01  8.756e+01 -2.311e+01  4.032e+01  3.370e+02  2.101e+01 -1.849e+01  4.880e+00 
 4.557e+03 -1.446e+04  2.843e+04 -1.446e+04  4.557e+03  1.045e+03 -1.096e+03 -2.682e+03 -1.096e+03  1.045e+03 -7.489e+02  9.846e+02  1.094e+03  9.846e+02 -7.489e+02  1.526e+02 -9.952e+01 -6.417e+02 -9.952e+01  1.526e+02 -3.221e+01  2.101e+01  1.355e+02  2.101e+01 -3.221e+01 
-1.596e+03  6.047e+03 -1.446e+04  2.822e+04 -8.201e+03 -1.910e+02  7.235e+02 -1.096e+03 -8.201e+03 -1.398e+03  1.526e+02 -5.780e+02  9.846e+02  4.557e+03  1.045e+03 -2.311e+01  8.756e+01 -9.952e+01 -1.596e+03 -1.910e+02  4.880e+00 -1.849e+01  2.101e+01  3.370e+02  4.032e+01 
 3.370e+02 -1.596e+03  4.557e+03 -8.201e+03  2.822e+04  4.032e+01 -1.910e+02  1.045e+03 -1.398e+03 -8.201e+03 -3.221e+01  1.526e+02 -7.489e+02  1.045e+03  4.557e+03  4.880e+00 -2.311e+01  1.526e+02 -1.910e+02 -1.596e+03 -1.030e+00  4.880e+00 -3.221e+01  4.032e+01  3.370e+02 
-8.201e+03 -1.398e+03  1.045e+03 -1.910e+02  4.032e+01  2.822e+04 -8.201e+03  4.557e+03 -1.596e+03  3.370e+02 -1.446e+04 -1.096e+03  9.846e+02 -9.952e+01  2.101e+01  6.047e+03  7.235e+02 -5.780e+02  8.756e+01 -1.849e+01 -1.596e+03 -1.910e+02  1.526e+02 -2.311e+01  4.880e+00 
-1.398e+03 -8.201e+03 -1.096e+03  7.235e+02 -1.910e+02 -8.201e+03  2.822e+04 -1.446e+04  6.047e+03 -1.596e+03 -1.096e+03 -1.446e+04 -1.289e+01  3.771e+02 -9.952e+01  7.235e+02  6.047e+03  3.771e+02 -3.318e+02  8.756e+01 -1.910e+02 -1.596e+03 -9.952e+01  8.756e+01 -2.311e+01 
 1.045e+03 -1.096e+03 -2.682e+03 -1.096e+03  1.045e+03  4.557e+03 -1.446e+04  2.843e+04 -1.446e+04  4.557e+03  9.846e+02 -1.289e+01 -6.749e+03 -1.289e+01  9.846e+02 -5.780e+02  3.771e+02  2.431e+03  3.771e+02 -5.780e+02  1.526e+02 -9.952e+01 -6.417e+02 -9.952e+01  1.526e+02 
-1.910e+02  7.235e+02 -1.096e+03 -8.201e+03 -1.398e+03 -1.596e+03  6.047e+03 -1.446e+04  2.822e+04 -8.201e+03 -9.952e+01  3.771e+02 -1.289e+01 -1.446e+04 -1.096e+03  8.756e+01 -3.318e+02  3.771e+02  6.047e+03  7.235e+02 -2.311e+01  8.756e+01 -9.952e+01 -1.596e+03 -1.910e+02 
 4.032e+01 -1.910e+02  1.045e+03 -1.398e+03 -8.201e+03  3.370e+02 -1.596e+03  4.557e+03 -8.201e+03  2.822e+04  2.101e+01 -9.952e+01  9.846e+02 -1.096e+03 -1.446e+04 -1.849e+01  8.756e+01 -5.780e+02  7.235e+02  6.047e+03  4.880e+00 -2.311e+01  1.526e+02 -1.910e+02 -1.596e+03 
 4.557e+03  1.045e+03 -7.489e+02  1.526e+02 -3.221e+01 -1.446e+04 -1.096e+03  9.846e+02 -9.952e+01  2.101e+01  2.843e+04 -2.682e+03  1.094e+03 -6.417e+02  1.355e+02 -1.446e+04 -1.096e+03  9.846e+02 -9.952e+01  2.101e+01  4.557e+03  1.045e+03 -7.489e+02  1.526e+02 -3.221e+01 
 1.045e+03  4.557e+03  9.846e+02 -5.780e+02  1.526e+02 -1.096e+03 -1.446e+04 -1.289e+01  3.771e+02 -9.952e+01 -2.682e+03  2.843e+04 -6.749e+03  2.431e+03 -6.417e+02 -1.096e+03 -1.446e+04 -1.289e+01  3.771e+02 -9.952e+01  1.045e+03  4.557e+03  9.846e+02 -5.780e+02  1.526e+02 
-7.489e+02  9.846e+02  1.094e+03  9.846e+02 -7.489e+02  9.846e+02 -1.289e+01 -6.749e+03 -1.289e+01  9.846e+02  1.094e+03 -6.749e+03  2.040e+04 -6.749e+03  1.094e+03  9.846e+02 -1.289e+01 -6.749e+03 -1.289e+01  9.846e+02 -7.489e+02  9.846e+02  1.094e+03  9.846e+02 -7.489e+02 
 1.526e+02 -5.780e+02  9.846e+02  4.557e+03  1.045e+03 -9.952e+01  3.771e+02 -1.289e+01 -1.446e+04 -1.096e+03 -6.417e+02  2.431e+03 -6.749e+03  2.843e+04 -2.682e+03 -9.952e+01  3.771e+02 -1.289e+01 -1.446e+04 -1.096e+03  1.526e+02 -5.780e+02  9.846e+02  4.557e+03  1.045e+03 
-3.221e+01  1.526e+02 -7.489e+02  1.045e+03  4.557e+03  2.101e+01 -9.952e+01  9.846e+02 -1.096e+03 -1.446e+04  1.355e+02 -6.417e+02  1.094e+03 -2.682e+03  2.843e+04  2.101e+01 -9.952e+01  9.846e+02 -1.096e+03 -1.446e+04 -3.221e+01  1.526e+02 -7.489e+02  1.045e+03  4.557e+03 
-1.596e+03 -1.910e+02  1.526e+02 -2.311e+01  4.880e+00  6.047e+03  7.235e+02 -5.780e+02  8.756e+01 -1.849e+01 -1.446e+04 -1.096e+03  9.846e+02 -9.952e+01  2.101e+01  2.822e+04 -8.201e+03  4.557e+03 -1.596e+03  3.370e+02 -8.201e+03 -1.398e+03  1.045e+03 -1.910e+02  4.032e+01 
-1.910e+02 -1.596e+03 -9.952e+01  8.756e+01 -2.311e+01  7.235e+02  6.047e+03  3.771e+02 -3.318e+02  8.756e+01 -1.096e+03 -1.446e+04 -1.289e+01  3.771e+02 -9.952e+01 -8.201e+03  2.822e+04 -1.446e+04  6.047e+03 -1.596e+03 -1.398e+03 -8.201e+03 -1.096e+03  7.235e+02 -1.910e+02 
 1.526e+02 -9.952e+01 -6.417e+02 -9.952e+01  1.526e+02 -5.780e+02  3.771e+02  2.431e+03  3.771e+02 -5.780e+02  9.846e+02 -1.289e+01 -6.749e+03 -1.289e+01  9.846e+02  4.557e+03 -1.446e+04  2.843e+04 -1.446e+04  4.557e+03  1.045e+03 -1.096e+03 -2.682e+03 -1.096e+03  1.045e+03 
-2.311e+01  8.756e+01 -9.952e+01 -1.596e+03 -1.910e+02  8.756e+01 -3.318e+02  3.771e+02  6.047e+03  7.235e+02 -9.952e+01  3.771e+02 -1.289e+01 -1.446e+04 -1.096e+03 -1.596e+03  6.047e+03 -1.446e+04  2.822e+04 -8.201e+03 -1.910e+02  7.235e+02 -1.096e+03 -8.201e+03 -1.398e+03 
 4.880e+00 -2.311e+01  1.526e+02 -1.910e+02 -1.596e+03 -1.849e+01  8.756e+01 -5.780e+02  7.235e+02  6.047e+03  2.101e+01 -9.952e+01  9.846e+02 -1.096e+03 -1.446e+04  3.370e+02 -1.596e+03  4.557e+03 -8.201e+03  2.822e+04  4.032e+01 -1.910e+02  1.045e+03 -1.398e+03 -8.201e+03 
 3.370e+02  4.032e+01 -3.221e+01  4.880e+00 -1.030e+00 -1.596e+03 -1.910e+02  1.526e+02 -2.311e+01  4.880e+00  4.557e+03  1.045e+03 -7.489e+02  1.526e+02 -3.221e+01 -8.201e+03 -1.398e+03  1.045e+03 -1.910e+02  4.032e+01  2.822e+04 -8.201e+03  4.557e+03 -1.596e+03  3.370e+02 
 4.032e+01  3.370e+02  2.101e+01 -1.849e+01  4.880e+00 -1.910e+02 -1.596e+03 -9.952e+01  8.756e+01 -2.311e+01  1.045e+03  4.557e+03  9.846e+02 -5.780e+02  1.526e+02 -1.398e+03 -8.201e+03 -1.096e+03  7.235e+02 -1.910e+02 -8.201e+03  2.822e+04 -1.446e+04  6.047e+03 -1.596e+03 
-3.221e+01  2.101e+01  1.355e+02  2.101e+01 -3.221e+01  1.526e+02 -9.952e+01 -6.417e+02 -9.952e+01  1.526e+02 -7.489e+02  9.846e+02  1.094e+03  9.846e+02 -7.489e+02  1.045e+03 -1.096e+03 -2.682e+03 -1.096e+03  1.045e+03  4.557e+03 -1.446e+04  2.843e+04 -1.446e+04  4.557e+03 
 4.880e+00 -1.849e+01  2.101e+01  3.370e+02  4.032e+01 -2.311e+01  8.756e+01 -9.952e+01 -1.596e+03 -1.910e+02  1.526e+02 -5.780e+02  9.846e+02  4.557e+03  1.045e+03 -1.910e+02  7.235e+02 -1.096e+03 -8.201e+03 -1.398e+03 -1.596e+03  6.047e+03 -1.446e+04  2.822e+04 -8.201e+03 
-1.030e+00  4.880e+00 -3.221e+01  4.032e+01  3.370e+02  4.880e+00 -2.311e+01  1.526e+02 -1.910e+02 -1.596e+03 -3.221e+01  1.526e+02 -7.489e+02  1.045e+03  4.557e+03  4.032e+01 -1.910e+02  1.045e+03 -1.398e+03 -8.201e+03  3.370e+02 -1.596e+03  4.557e+03 -8.201e+03  2.822e+04 

Rj A Rj^T:
 2.814e+04 -8.286e+03  4.605e+03 -1.607e+03  3.393e+02 -8.286e+03 -1.321e+03  1.201e+03 -2.679e+02  5.656e+01  4.605e+03  1.201e+03 -7.148e+02  1.198e+02 -2.529e+01 -1.607e+03 -2.679e+02  1.198e+02                        3.393e+02  5.656e+01 -2.529e+01                       
-8.286e+03  2.814e+04 -1.456e+04  6.089e+03 -1.607e+03 -1.321e+03 -8.286e+03 -1.194e+03  1.015e+03 -2.679e+02  1.201e+03  4.605e+03  1.057e+03 -4.539e+02  1.198e+02 -2.679e+02 -1.607e+03 -1.198e+02                        5.656e+01  3.393e+02  2.529e+01                       
 4.605e+03 -1.456e+04  2.850e+04 -1.456e+04  4.605e+03  1.201e+03 -1.194e+03 -2.574e+03 -1.194e+03  1.201e+03 -7.148e+02  1.057e+03  1.069e+03  1.057e+03 -7.148e+02  1.198e+02 -1.198e+02 -6.429e+02 -1.198e+02  1.198e+02 -2.529e+01  2.529e+01  1.357e+02  2.529e+01 -2.529e+01 
